book/modules/data/openamundsen/dem_uppereastriver_50.asc
ncols        280
nrows        337
xllcorner    322550.000000000000
yllcorner    4305600.000000000000
cellsize     50.000000000000
NODATA_value nan
[rows 100 to 124 of 337, columns 220 to 274 of 280]
3596.06787109375 3601.859130859375 3611.43310546875 3615.511474609375 3632.964111328125 3654.03955078125 3670.899169921875 3685.508056640625 3688.140869140625 3694.5419921875 3714.825927734375 3737.582763671875 3761.030029296875 3791.867919921875 3828.74267578125 3871.383544921875 3915.165283203125 3952.1484375 3987.3154296875 4027.25439453125 4064.915771484375 nan nan nan nan nan nan nan nan nan nan nan nan nan nan nan nan nan nan nan nan nan nan nan nan nan nan nan nan nan nan nan nan nan nan
3598.988525390625 3599.955078125 3606.4541015625 3616.53515625 3633.116943359375 3650.96337890625 3664.260986328125 3675.6474609375 3688.090087890625 3694.06005859375 3719.880126953125 3743.9892578125 3766.778076171875 3793.66943359375 3825.148193359375 3862.126953125 3910.32568359375 3950.269287109375 3984.044677734375 4022.49365234375 4061.445556640625 nan nan nan nan nan nan nan nan nan nan nan nan nan nan nan nan nan nan nan nan nan nan nan nan nan nan nan nan nan nan nan nan nan nan
3600.634521484375 3602.037353515625 3613.340576171875 3624.06884765625 3636.976806640625 3650.72119140625 3672.139404296875 3680.741455078125 3690.349609375 3696.286865234375 3727.539306640625 3745.490234375 3765.053955078125 3789.35009765625 3827.83154296875 3866.43798828125 3909.45068359375 3950.404296875 3982.29833984375 4021.566650390625 4053.956787109375 4070.521240234375 nan nan nan nan nan nan nan nan nan nan nan nan nan nan nan nan nan nan nan nan nan nan nan nan nan nan nan nan nan nan nan nan nan
3607.414794921875 3606.1669921875 3613.98681640625 3621.929931640625 3638.911376953125 3653.88037109375 3679.228515625 3694.89892578125 3705.049560546875 3703.51904296875 3720.2001953125 3743.784423828125 3768.445556640625 3782.840576171875 3812.310546875 3862.658447265625 3897.798095703125 3945.8701171875 3974.443359375 4006.067626953125 4034.483642578125 4056.185791015625 nan nan nan nan nan nan nan nan nan nan nan nan nan nan nan nan nan nan nan nan nan nan nan nan nan nan nan nan nan nan nan nan nan
3608.6298828125 3607.728271484375 3616.1455078125 3626.616943359375 3638.770751953125 3662.29443359375 3693.902099609375 3713.6689453125 3738.362060546875 3728.294189453125 3719.410888671875 3743.5166015625 3765.106201171875 3786.755615234375 3806.784912109375 3836.653564453125 3874.37255859375 3919.5126953125 3954.9326171875 3972.4814453125 4001.021240234375 4023.00732421875 4053.73486328125 nan nan nan nan nan nan nan nan nan nan nan nan nan nan nan nan nan nan nan nan nan nan nan nan nan nan nan nan nan nan nan nan
3619.72509765625 3628.41650390625 3625.244384765625 3632.01904296875 3647.6796875 3680.68505859375 3705.57861328125 3732.66357421875 3756.61767578125 3747.039306640625 3728.49609375 3738.576171875 3756.73828125 3779.380615234375 3800.9267578125 3824.784912109375 3854.168701171875 3887.35107421875 3918.945556640625 3946.73486328125 3976.4033203125 4011.441650390625 4048.401123046875 nan nan nan nan nan nan nan nan nan nan nan nan nan nan nan nan nan nan nan nan nan nan nan nan nan nan nan nan nan nan nan nan
3626.4677734375 3628.463623046875 3639.001708984375 3645.12158203125 3659.650634765625 3687.301025390625 3709.5068359375 3727.524169921875 3747.177490234375 3752.0634765625 3742.178955078125 3749.039306640625 3758.44189453125 3775.3193359375 3796.578369140625 3815.671142578125 3840.477783203125 3865.863525390625 3892.331298828125 3932.2509765625 3953.657470703125 3984.561767578125 4031.963623046875 nan nan nan nan nan nan nan nan nan nan nan nan nan nan nan nan nan nan nan nan nan nan nan nan nan nan nan nan nan nan nan nan
3637.189208984375 3636.254150390625 3644.6357421875 3657.43505859375 3666.510009765625 3693.3095703125 3705.052001953125 3728.685791015625 3750.951171875 3752.890380859375 3744.086181640625 3750.290283203125 3759.370849609375 3774.834716796875 3794.806884765625 3813.185302734375 3831.502197265625 3853.9287109375 3878.320068359375 3907.35595703125 3941.7041015625 3975.0654296875 4019.135498046875 nan nan nan nan nan nan nan nan nan nan nan nan nan nan nan nan nan nan nan nan nan nan nan nan nan nan nan nan nan nan nan nan
3645.301025390625 3643.029541015625 3649.181884765625 3664.802490234375 3675.102783203125 3690.115478515625 3711.752685546875 3733.217041015625 3745.742431640625 3746.1650390625 3744.5654296875 3757.08935546875 3758.367919921875 3776.961669921875 3801.033447265625 3809.123779296875 3826.123046875 3844.816162109375 3872.92431640625 3901.810546875 3936.408935546875 3971.8837890625 4017.86083984375 4054.268310546875 nan nan nan nan nan nan nan nan nan nan nan nan nan nan nan nan nan nan nan nan nan nan nan nan nan nan nan nan nan nan nan
3653.2158203125 3654.00146484375 3657.087158203125 3670.7109375 3679.046630859375 3696.2724609375 3717.375 3725.341552734375 3737.2783203125 3742.727783203125 3753.531494140625 3764.27734375 3762.87841796875 3788.316162109375 3797.888427734375 3811.828369140625 3820.60205078125 3846.142822265625 3870.01513671875 3900.176513671875 3931.73193359375 3968.800537109375 4007.838623046875 nan nan nan nan nan nan nan nan nan nan nan nan nan nan nan nan nan nan nan nan nan nan nan nan nan nan nan nan nan nan nan nan
3674.907470703125 3660.837158203125 3664.822509765625 3679.957763671875 3689.855712890625 3705.4326171875 3723.98974609375 3738.750244140625 3736.707275390625 3740.090087890625 3750.498779296875 3764.58203125 3764.832763671875 3776.475830078125 3792.856201171875 3807.667236328125 3825.037841796875 3841.147216796875 3863.77685546875 3893.82568359375 3932.12890625 3969.412109375 3991.597900390625 nan nan nan nan nan nan nan nan nan nan nan nan nan nan nan nan nan nan nan nan nan nan nan nan nan nan nan nan nan nan nan nan
3677.71142578125 3676.62939453125 3677.749267578125 3689.109375 3703.21826171875 3718.49755859375 3734.7373046875 3754.83837890625 3746.938232421875 3742.391845703125 3751.30615234375 3758.200927734375 3762.939697265625 3776.483642578125 3793.138671875 3807.412109375 3823.782958984375 3840.09033203125 3862.50927734375 3894.218017578125 3928.75390625 3970.281982421875 nan nan nan nan nan nan nan nan nan nan nan nan nan nan nan nan nan nan nan nan nan nan nan nan nan nan nan nan nan nan nan nan nan
3689.837890625 3685.3984375 3690.172607421875 3703.25146484375 3721.694580078125 3741.283935546875 3755.142822265625 3768.00341796875 3751.218505859375 3745.421875 3755.97509765625 3765.065185546875 3766.226806640625 3782.8544921875 3800.476318359375 3820.84765625 3837.309814453125 3846.346923828125 3870.482421875 3898.81884765625 3940.67431640625 nan nan nan nan nan nan nan nan nan nan nan nan nan nan nan nan nan nan nan nan nan nan nan nan nan nan nan nan nan nan nan nan nan nan
3706.791748046875 3698.70458984375 3707.08935546875 3725.090087890625 3736.002685546875 3751.386962890625 3769.326171875 3781.899658203125 3758.271240234375 3763.5107421875 3771.84814453125 3777.97314453125 3785.307373046875 3802.993896484375 3822.400146484375 3841.5361328125 3846.083740234375 3858.811279296875 3891.935302734375 3924.228515625 3939.919189453125 nan nan nan nan nan nan nan nan nan nan nan nan nan nan nan nan nan nan nan nan nan nan nan nan nan nan nan nan nan nan nan nan nan nan
3732.20703125 3713.123291015625 3719.812744140625 3733.55126953125 3741.10009765625 3756.389404296875 3772.689208984375 3788.085693359375 3763.8369140625 3773.621826171875 3783.43408203125 3801.29541015625 3806.69140625 3821.52587890625 3835.802001953125 3846.7021484375 3857.421630859375 3878.42041015625 3909.864501953125 3934.123046875 nan nan nan nan nan nan nan nan nan nan nan nan nan nan nan nan nan nan nan nan nan nan nan nan nan nan nan nan nan nan nan nan nan nan nan
3755.21142578125 3736.031494140625 3737.1865234375 3742.333740234375 3743.130126953125 3765.200927734375 3790.385986328125 3800.316650390625 3776.760498046875 3792.058837890625 3808.562255859375 3807.621337890625 3819.49462890625 3843.557861328125 3865.603271484375 3876.606689453125 3887.6826171875 3912.14990234375 3931.22998046875 nan nan nan nan nan nan nan nan nan nan nan nan nan nan nan nan nan nan nan nan nan nan nan nan nan nan nan nan nan nan nan nan nan nan nan nan
3779.84912109375 3758.1103515625 3755.965576171875 3756.11767578125 3764.075439453125 3794.433837890625 3806.576171875 3809.061279296875 3796.937255859375 3812.979736328125 3812.863037109375 3816.313232421875 3843.324951171875 3862.206787109375 3892.244384765625 3917.1181640625 3928.28076171875 3937.331787109375 nan nan nan nan nan nan nan nan nan nan nan nan nan nan nan nan nan nan nan nan nan nan nan nan nan nan nan nan nan nan nan nan nan nan nan nan nan
3793.558349609375 3783.408447265625 3784.657470703125 3781.279296875 3780.40478515625 3797.65380859375 3810.4091796875 3815.895263671875 3817.4384765625 3831.856201171875 3829.70361328125 3839.676025390625 3862.028564453125 3882.273681640625 3925.1259765625 3947.386474609375 3961.962646484375 3970.2275390625 nan nan nan nan nan nan nan nan nan nan nan nan nan nan nan nan nan nan nan nan nan nan nan nan nan nan nan nan nan nan nan nan nan nan nan nan nan
3827.209716796875 3809.83642578125 3815.24560546875 3810.098388671875 3798.4287109375 3810.12939453125 3817.604248046875 3817.869384765625 3848.17333984375 3846.932373046875 3840.850830078125 3856.612548828125 3881.08544921875 3924.025390625 3937.4814453125 3988.789306640625 4005.339599609375 nan nan nan nan nan nan nan nan nan nan nan nan nan nan nan nan nan nan nan nan nan nan nan nan nan nan nan nan nan nan nan nan nan nan nan nan nan nan
3857.33984375 3837.767578125 3830.884521484375 3822.47509765625 3822.43408203125 3837.072265625 3841.80517578125 3829.2333984375 3853.399169921875 3858.787841796875 3852.64208984375 3868.4140625 3894.2587890625 3951.949462890625 3972.507080078125 4021.12548828125 nan nan nan nan nan nan nan nan nan nan nan nan nan nan nan nan nan nan nan nan nan nan nan nan nan nan nan nan nan nan nan nan nan nan nan nan nan nan nan
3880.84375 3858.654052734375 3849.483154296875 3844.635986328125 3846.572021484375 3867.104736328125 3861.271240234375 3845.09619140625 3853.30908203125 3859.086181640625 3864.73046875 3880.984130859375 3912.784912109375 3948.66455078125 4004.793212890625 4041.930908203125 nan nan nan nan nan nan nan nan nan nan nan nan nan nan nan nan nan nan nan nan nan nan nan nan nan nan nan nan nan nan nan nan nan nan nan nan nan nan nan
3909.8310546875 3886.836669921875 3881.295654296875 3875.82080078125 3875.6796875 3877.512939453125 3868.5859375 3864.546875 3872.5888671875 3867.133056640625 3870.600341796875 3892.681640625 3925.828857421875 3964.56689453125 4004.885009765625 nan nan nan nan nan nan nan nan nan nan nan nan nan nan nan nan nan nan nan nan nan nan nan nan nan nan nan nan nan nan nan nan nan nan nan nan nan nan nan nan
3954.732666015625 3935.4189453125 3922.81298828125 3911.954833984375 3900.615234375 3895.77099609375 3895.52734375 3895.565673828125 3896.42333984375 3894.42919921875 3897.007080078125 3918.6142578125 3957.638427734375 3998.986083984375 4042.21044921875 nan nan nan nan nan nan nan nan nan nan nan nan nan nan nan nan nan nan nan nan nan nan nan nan nan nan nan nan nan nan nan nan nan nan nan nan nan nan nan nan
3974.465087890625 3985.62109375 3963.294677734375 3947.0390625 3932.130126953125 3924.37353515625 3927.940673828125 3929.22216796875 3922.026123046875 3917.18896484375 3924.77978515625 3946.34521484375 3972.408935546875 4017.305419921875 nan nan nan nan nan nan nan nan nan nan nan nan nan nan nan nan nan nan nan nan nan nan nan nan nan nan nan nan nan nan nan nan nan nan nan nan nan nan nan nan nan
4015.6171875 4025.993408203125 3995.309814453125 3992.16162109375 3972.363037109375 3969.86474609375 3990.503662109375 3964.108154296875 3949.298095703125 3937.546142578125 3946.65380859375 3986.908935546875 nan nan nan nan nan nan nan nan nan nan nan nan nan nan nan nan nan nan nan nan nan nan nan nan nan nan nan nan nan nan nan nan nan nan nan nan nan nan nan nan nan nan nan
