book/modules/data/openamundsen/dem_uppereastriver_50.asc
ncols        280
nrows        337
xllcorner    322550.000000000000
yllcorner    4305600.000000000000
cellsize     50.000000000000
NODATA_value nan
[rows 225 to 249 of 337, columns 165 to 219 of 280]
2908.000244140625 2918.322509765625 2932.600341796875 2935.859130859375 2939.3154296875 2931.45751953125 2926.84814453125 2919.108642578125 2915.507568359375 2902.085205078125 2901.558837890625 2900.8134765625 2908.16455078125 2911.98291015625 2917.55029296875 2924.892333984375 2936.276123046875 2947.77294921875 2962.709716796875 2965.724365234375 2977.80419921875 2984.78173828125 2994.384033203125 2997.6826171875 3001.90771484375 3010.189697265625 3021.379638671875 3031.882080078125 3042.302001953125 3053.717041015625 3066.93017578125 3083.3125 3094.167724609375 3103.673828125 3110.263427734375 3116.179931640625 3130.02197265625 3125.14501953125 3093.5419921875 3077.37158203125 3081.7490234375 3089.828369140625 3097.26318359375 3104.109375 3108.258056640625 3111.05810546875 3113.06494140625 3113.57080078125 3115.184326171875 3106.7041015625 3084.706787109375 3087.661865234375 3094.704345703125 3106.9189453125 3112.98974609375
2902.88232421875 2910.620849609375 2921.90478515625 2932.077392578125 2940.91455078125 2933.804443359375 2922.344482421875 2923.356689453125 2914.599365234375 2906.629150390625 2897.968017578125 2897.813720703125 2902.37451171875 2909.849365234375 2913.527587890625 2917.914306640625 2924.45068359375 2938.4677734375 2949.666015625 2953.051025390625 2959.167724609375 2972.85986328125 2978.992431640625 2985.96923828125 2994.436279296875 3000.4326171875 3012.84619140625 3021.904052734375 3029.788330078125 3042.41748046875 3057.120849609375 3068.838134765625 3087.5927734375 3103.194091796875 3108.9921875 3114.41357421875 3127.532470703125 3137.15234375 3128.78125 3098.563232421875 3076.27001953125 3076.637939453125 3086.04638671875 3091.466064453125 3097.21240234375 3098.9912109375 3101.539306640625 3104.97802734375 3105.397705078125 3099.68359375 3079.4501953125 3080.956298828125 3089.51025390625 3099.371337890625 3108.041015625
2898.532470703125 2903.39306640625 2912.45263671875 2923.69287109375 2934.2939453125 2933.6123046875 2925.825439453125 2920.623046875 2909.975341796875 2909.33740234375 2893.94921875 2894.813720703125 2898.5849609375 2903.03271484375 2909.8115234375 2912.288818359375 2916.207275390625 2925.1943359375 2932.80322265625 2940.25244140625 2953.8857421875 2965.502685546875 2968.21044921875 2971.824462890625 2982.809814453125 2991.33984375 3000.359619140625 3012.435791015625 3019.030517578125 3031.140625 3045.910400390625 3059.75537109375 3077.611572265625 3098.219970703125 3110.256103515625 3114.5185546875 3121.6640625 3129.39306640625 3125.310791015625 3120.575927734375 3110.665771484375 3076.9775390625 3073.740966796875 3076.424560546875 3084.84423828125 3088.840087890625 3091.56103515625 3093.79541015625 3096.4208984375 3096.614990234375 3073.8564453125 3074.924560546875 3080.221435546875 3095.214111328125 3105.18994140625
2893.4755859375 2901.947021484375 2905.01416015625 2915.59423828125 2922.79443359375 2931.064453125 2927.409912109375 2927.5849609375 2905.149658203125 2904.40234375 2894.606201171875 2891.26904296875 2897.1123046875 2897.20068359375 2905.343505859375 2907.839599609375 2909.96240234375 2914.528564453125 2923.739013671875 2935.33056640625 2947.575927734375 2958.312255859375 2963.329833984375 2963.697021484375 2970.54052734375 2979.027587890625 2992.262939453125 3000.27978515625 3012.93310546875 3019.90625 3035.051513671875 3051.25390625 3069.685546875 3089.560791015625 3104.97021484375 3115.197265625 3121.963134765625 3125.867919921875 3117.50732421875 3110.955810546875 3111.784912109375 3103.36328125 3078.909912109375 3065.3896484375 3069.794921875 3076.859375 3081.750732421875 3085.076171875 3087.257080078125 3089.227294921875 3070.16943359375 3069.590087890625 3082.87109375 3094.504638671875 3096.431640625
2884.91748046875 2898.2548828125 2901.3330078125 2905.75830078125 2914.1396484375 2923.4892578125 2926.73779296875 2926.75 2911.449462890625 2893.50048828125 2890.804443359375 2887.742431640625 2892.61962890625 2893.539306640625 2897.384521484375 2902.615478515625 2904.082275390625 2908.100341796875 2917.65087890625 2931.5810546875 2944.58251953125 2954.074951171875 2957.059326171875 2958.61962890625 2960.96728515625 2968.884033203125 2981.419921875 2992.871826171875 3000.039794921875 3011.870361328125 3024.5634765625 3041.70654296875 3060.748291015625 3080.53564453125 3097.106689453125 3114.67626953125 3123.22998046875 3124.81982421875 3111.192138671875 3103.07421875 3102.08935546875 3102.14013671875 3093.75390625 3085.845703125 3066.412109375 3061.14599609375 3066.441162109375 3073.74072265625 3077.78955078125 3080.28173828125 3064.589111328125 3066.546875 3072.95556640625 3076.866455078125 3082.74755859375
2879.3330078125 2892.271240234375 2896.2119140625 2899.869384765625 2907.8271484375 2912.509765625 2922.3818359375 2920.11962890625 2913.4326171875 2895.3232421875 2886.644287109375 2886.01123046875 2886.626220703125 2889.97216796875 2893.3681640625 2895.3466796875 2899.43798828125 2903.4833984375 2914.7744140625 2927.88330078125 2941.181396484375 2949.552734375 2951.294677734375 2953.48095703125 2955.033447265625 2958.108642578125 2969.789794921875 2982.94775390625 2990.008544921875 3000.92138671875 3014.530029296875 3033.482666015625 3053.353759765625 3070.706298828125 3087.90966796875 3109.010498046875 3122.34326171875 3124.2158203125 3110.32470703125 3098.218505859375 3093.8779296875 3096.1142578125 3094.276611328125 3087.025390625 3080.2373046875 3064.9814453125 3054.72216796875 3058.4794921875 3061.4384765625 3067.540283203125 3058.864501953125 3062.0712890625 3066.728515625 3079.728759765625 3093.39990234375
2873.666748046875 2885.29052734375 2893.43994140625 2892.359130859375 2902.248779296875 2906.91455078125 2915.035888671875 2915.731689453125 2906.386962890625 2894.810791015625 2888.659912109375 2886.512451171875 2880.0791015625 2884.2060546875 2887.022705078125 2887.490478515625 2894.3408203125 2899.151611328125 2910.166015625 2921.908203125 2934.42138671875 2942.681884765625 2942.689208984375 2946.719970703125 2949.910400390625 2951.827392578125 2957.885986328125 2972.065673828125 2984.754638671875 2990.8583984375 3006.71044921875 3025.841796875 3043.442138671875 3059.461181640625 3075.6875 3097.189208984375 3119.849853515625 3125.781494140625 3113.067138671875 3098.66015625 3090.060302734375 3089.97216796875 3089.993408203125 3085.102783203125 3080.564208984375 3072.586181640625 3061.60302734375 3051.946044921875 3049.333740234375 3050.967041015625 3053.92333984375 3056.31884765625 3076.4150390625 3092.09228515625 3107.26025390625
2868.75341796875 2876.815185546875 2888.34228515625 2886.83056640625 2894.408935546875 2903.188720703125 2905.17333984375 2909.089111328125 2900.185546875 2890.970947265625 2886.2861328125 2885.412109375 2883.910400390625 2876.158447265625 2881.716064453125 2883.67529296875 2886.666259765625 2894.79443359375 2906.8212890625 2916.773681640625 2925.91357421875 2929.882568359375 2931.506103515625 2940.815185546875 2944.217041015625 2946.911865234375 2948.420654296875 2959.044677734375 2973.019775390625 2986.368896484375 2998.87451171875 3015.78076171875 3032.2490234375 3046.642578125 3059.811767578125 3079.506591796875 3102.35595703125 3121.32275390625 3115.119384765625 3099.0087890625 3088.40869140625 3082.38427734375 3081.564453125 3080.78466796875 3075.97607421875 3070.935546875 3062.95458984375 3054.5234375 3046.94140625 3048.7001953125 3049.972412109375 3054.25341796875 3076.43603515625 3096.2724609375 3114.720458984375
2862.43359375 2868.3388671875 2879.7177734375 2882.30810546875 2887.6171875 2895.0263671875 2895.713623046875 2898.692626953125 2892.49072265625 2891.3095703125 2892.80859375 2886.7109375 2886.6298828125 2875.109619140625 2874.970947265625 2880.098876953125 2879.135986328125 2886.746337890625 2900.43310546875 2909.419921875 2916.94140625 2916.811279296875 2920.889892578125 2928.3642578125 2933.89208984375 2940.619384765625 2942.314697265625 2945.867919921875 2959.699462890625 2976.501220703125 2989.241455078125 3003.927490234375 3021.379638671875 3032.24755859375 3045.764404296875 3062.7373046875 3080.828369140625 3099.960205078125 3115.26611328125 3099.67529296875 3088.46875 3081.202880859375 3077.336181640625 3074.599853515625 3071.791748046875 3065.165283203125 3058.197509765625 3050.30029296875 3044.504150390625 3046.176513671875 3046.533203125 3051.84912109375 3068.16650390625 3083.095458984375 3095.748291015625
2855.36328125 2860.521240234375 2871.118408203125 2876.3359375 2879.318359375 2889.0205078125 2885.376220703125 2892.7041015625 2889.411376953125 2886.794189453125 2892.376708984375 2896.95068359375 2880.73095703125 2875.999755859375 2868.011474609375 2872.72705078125 2875.99267578125 2877.53857421875 2889.224365234375 2899.762939453125 2907.451416015625 2908.44140625 2913.12548828125 2915.657470703125 2927.889892578125 2929.869873046875 2935.7666015625 2939.175048828125 2948.64208984375 2962.261962890625 2979.927490234375 2995.864501953125 3011.089111328125 3024.884521484375 3033.487548828125 3050.317138671875 3063.406982421875 3077.784423828125 3094.015869140625 3102.994873046875 3092.12109375 3081.059814453125 3077.7822265625 3075.052001953125 3071.966552734375 3066.2958984375 3058.04345703125 3047.926025390625 3043.07080078125 3043.4716796875 3043.696533203125 3045.17431640625 3055.68212890625 3065.379150390625 3072.069580078125
2846.72119140625 2849.94873046875 2859.099365234375 2867.97705078125 2870.113037109375 2881.580322265625 2878.6015625 2877.927734375 2889.427001953125 2884.671630859375 2885.513916015625 2890.787109375 2882.671630859375 2874.1171875 2875.296630859375 2866.35107421875 2865.454833984375 2869.3759765625 2877.248046875 2887.233154296875 2897.950439453125 2903.48486328125 2902.509033203125 2907.3935546875 2914.753662109375 2910.936279296875 2922.90966796875 2928.78857421875 2935.42529296875 2946.76708984375 2965.327392578125 2984.0400390625 3000.5615234375 3013.81640625 3026.1259765625 3035.9462890625 3048.10791015625 3059.54052734375 3073.914306640625 3088.01708984375 3096.601806640625 3091.619384765625 3080.3251953125 3077.035400390625 3074.212158203125 3069.793701171875 3061.616455078125 3051.292724609375 3041.532958984375 3041.467041015625 3041.124755859375 3040.414306640625 3040.075927734375 3045.078125 3047.6171875
2838.829833984375 2838.7763671875 2844.86328125 2854.576904296875 2861.366455078125 2872.053466796875 2874.59130859375 2870.1943359375 2876.8291015625 2885.926025390625 2884.53857421875 2881.075927734375 2885.2490234375 2879.99267578125 2869.144775390625 2872.97119140625 2863.9150390625 2854.159423828125 2864.29931640625 2876.14404296875 2886.73388671875 2897.475830078125 2897.3896484375 2899.599365234375 2901.8193359375 2898.989013671875 2905.396484375 2910.678955078125 2917.78564453125 2929.79736328125 2948.251708984375 2969.10400390625 2990.552490234375 3004.19189453125 3016.411376953125 3025.519287109375 3034.552490234375 3043.714111328125 3054.21533203125 3068.879150390625 3081.8564453125 3088.3828125 3093.43994140625 3084.5498046875 3077.128173828125 3073.215087890625 3069.8388671875 3062.12451171875 3045.555908203125 3039.37158203125 3039.294677734375 3038.482666015625 3037.69970703125 3036.11279296875 3035.345703125
2832.267578125 2829.76318359375 2835.60546875 2843.60888671875 2853.175537109375 2861.81298828125 2867.383056640625 2865.87451171875 2867.213623046875 2878.8642578125 2883.45849609375 2877.440185546875 2879.627197265625 2878.917724609375 2878.384765625 2866.473388671875 2872.763671875 2859.854248046875 2849.130615234375 2855.16162109375 2865.42333984375 2883.8212890625 2889.826171875 2893.489013671875 2890.798828125 2888.716064453125 2893.48095703125 2896.37744140625 2904.39794921875 2919.3857421875 2935.607666015625 2955.8916015625 2977.290771484375 2995.816162109375 3007.29541015625 3017.26171875 3025.682861328125 3032.13671875 3037.536865234375 3051.1865234375 3065.405029296875 3078.897216796875 3084.33935546875 3085.546875 3082.006103515625 3080.223388671875 3077.026123046875 3071.071533203125 3054.62158203125 3044.379150390625 3038.076904296875 3037.040283203125 3036.354248046875 3035.396728515625 3034.02685546875
2819.859619140625 2821.022705078125 2827.380615234375 2835.438720703125 2844.837890625 2852.578369140625 2859.13818359375 2860.3740234375 2858.259765625 2865.97998046875 2875.490966796875 2880.438720703125 2875.67333984375 2871.856201171875 2878.22119140625 2874.6484375 2865.332763671875 2863.646240234375 2862.536376953125 2844.708251953125 2842.187255859375 2857.646728515625 2876.023681640625 2883.61376953125 2883.79443359375 2882.641845703125 2882.3466796875 2886.12158203125 2895.155029296875 2910.617431640625 2926.76611328125 2945.431884765625 2963.70849609375 2980.0859375 2995.162353515625 3005.61962890625 3013.83935546875 3018.365234375 3019.479736328125 3030.654541015625 3046.019775390625 3063.433349609375 3075.989013671875 3079.450927734375 3082.95361328125 3081.42041015625 3082.754150390625 3077.071044921875 3064.42822265625 3057.94873046875 3047.886962890625 3040.005859375 3035.38720703125 3034.0712890625 3032.502197265625
2798.107666015625 2804.3232421875 2821.122802734375 2830.259521484375 2839.650390625 2846.649169921875 2851.939453125 2852.643798828125 2853.37158203125 2854.8486328125 2865.641845703125 2875.464599609375 2878.120361328125 2867.29345703125 2874.136962890625 2878.146484375 2872.361572265625 2873.5576171875 2860.422607421875 2854.950439453125 2838.359375 2846.547607421875 2865.208251953125 2870.270751953125 2874.916259765625 2874.048828125 2874.905517578125 2879.326171875 2887.937255859375 2903.945068359375 2918.864501953125 2934.44775390625 2951.09765625 2964.263671875 2981.10302734375 2997.715576171875 3008.028076171875 3010.571044921875 3006.176513671875 3013.97265625 3024.66455078125 3041.99072265625 3059.031005859375 3069.35400390625 3075.590087890625 3078.8359375 3081.296142578125 3083.074462890625 3077.58056640625 3071.34033203125 3065.935302734375 3058.92919921875 3054.27685546875 3046.54833984375 3034.895751953125
2786.3779296875 2798.7333984375 2811.222900390625 2824.532470703125 2836.326171875 2841.8564453125 2845.623779296875 2847.22705078125 2846.95556640625 2848.705078125 2856.45166015625 2866.444580078125 2873.88818359375 2868.066162109375 2865.6669921875 2872.12744140625 2871.75732421875 2867.903564453125 2868.546142578125 2847.44970703125 2836.982421875 2836.40185546875 2849.348388671875 2858.54931640625 2862.8291015625 2864.469482421875 2868.566162109375 2873.614501953125 2881.700927734375 2896.424560546875 2911.447021484375 2924.155517578125 2940.715087890625 2953.7763671875 2967.86376953125 2985.29345703125 3001.50439453125 3002.25 2997.314697265625 3000.8095703125 3010.70654296875 3023.108154296875 3038.584228515625 3053.50830078125 3067.82666015625 3075.26171875 3076.26513671875 3076.030517578125 3077.586181640625 3078.424072265625 3074.34375 3069.10546875 3065.35107421875 3058.528564453125 3042.4912109375
2776.703369140625 2785.161865234375 2797.912841796875 2811.89453125 2824.9951171875 2835.69775390625 2839.10400390625 2840.67578125 2839.6455078125 2840.824951171875 2848.03515625 2855.90234375 2864.560546875 2864.14697265625 2863.27099609375 2864.51025390625 2868.542724609375 2868.232177734375 2867.20361328125 2860.828125 2845.8115234375 2831.00048828125 2835.16015625 2848.679443359375 2852.046142578125 2856.412109375 2859.43994140625 2871.97900390625 2879.09130859375 2891.15625 2904.50634765625 2916.617919921875 2928.381591796875 2943.430908203125 2955.41015625 2970.7587890625 2988.59765625 2999.12109375 2988.8759765625 2990.399169921875 2998.250732421875 3009.1416015625 3019.146240234375 3034.2646484375 3053.336181640625 3066.358154296875 3069.176025390625 3073.19580078125 3075.19140625 3072.53662109375 3071.878662109375 3071.39208984375 3075.314697265625 3068.547119140625 3055.86083984375
2773.87890625 2775.939453125 2783.807373046875 2798.63134765625 2810.678466796875 2824.1767578125 2831.519775390625 2830.94091796875 2830.227294921875 2832.45849609375 2837.873779296875 2847.032958984375 2853.06494140625 2860.697509765625 2857.925048828125 2855.085205078125 2859.326416015625 2865.55078125 2864.037109375 2863.710693359375 2856.605224609375 2837.45654296875 2826.58251953125 2837.412109375 2845.386962890625 2848.897216796875 2854.435302734375 2865.97021484375 2877.211669921875 2885.7060546875 2897.773193359375 2907.75390625 2919.954345703125 2933.777099609375 2944.32958984375 2957.67333984375 2973.24658203125 2987.852294921875 2989.773193359375 2984.917236328125 2987.77685546875 2998.058837890625 3007.15673828125 3020.677490234375 3037.93212890625 3054.865478515625 3063.5146484375 3062.82275390625 3066.18505859375 3068.25244140625 3069.932373046875 3068.75830078125 3066.97705078125 3073.506591796875 3065.18310546875
2771.12890625 2771.068359375 2775.22900390625 2785.43994140625 2798.830078125 2808.75 2819.580078125 2822.924072265625 2821.779052734375 2824.542724609375 2827.43896484375 2837.84326171875 2844.392578125 2848.794677734375 2849.99560546875 2845.885986328125 2851.664306640625 2855.51171875 2862.60791015625 2864.46875 2858.12646484375 2849.22509765625 2826.77490234375 2823.95458984375 2836.16015625 2841.746337890625 2849.407470703125 2857.5517578125 2869.447509765625 2881.58642578125 2891.397216796875 2898.699462890625 2907.731201171875 2921.524169921875 2933.773681640625 2945.533935546875 2959.43701171875 2973.053466796875 2982.66650390625 2981.59521484375 2982.550048828125 2988.558349609375 2996.7421875 3007.66162109375 3025.026611328125 3042.05615234375 3055.4248046875 3061.646728515625 3055.917724609375 3055.951904296875 3059.185791015625 3060.1513671875 3060.455322265625 3063.431396484375 3066.595947265625
2767.30078125 2769.195068359375 2769.10107421875 2774.79541015625 2784.544189453125 2796.677734375 2803.5830078125 2811.824462890625 2815.37451171875 2818.035888671875 2818.45361328125 2825.876953125 2833.868408203125 2839.560302734375 2837.103515625 2838.999755859375 2843.7841796875 2847.640380859375 2851.344482421875 2857.778076171875 2849.59619140625 2844.07958984375 2839.379638671875 2817.83837890625 2824.369873046875 2837.140625 2842.300537109375 2850.436767578125 2862.134521484375 2872.339111328125 2882.06689453125 2890.06103515625 2899.47607421875 2910.640380859375 2923.3583984375 2934.126953125 2944.387451171875 2955.620361328125 2966.70263671875 2973.207275390625 2978.448486328125 2981.96044921875 2986.922607421875 2996.877685546875 3014.48828125 3032.589111328125 3045.5517578125 3053.89111328125 3053.13525390625 3046.802001953125 3046.510986328125 3048.3603515625 3051.0302734375 3052.6259765625 3055.68603515625
2760.761474609375 2763.263427734375 2768.537841796875 2767.340576171875 2774.97509765625 2781.35009765625 2790.662353515625 2796.640625 2806.1171875 2812.40234375 2814.175048828125 2812.38818359375 2819.617431640625 2826.852294921875 2829.87939453125 2827.228271484375 2829.692138671875 2837.27197265625 2841.71630859375 2844.69873046875 2848.229736328125 2840.762939453125 2835.055419921875 2819.601318359375 2815.82861328125 2829.06103515625 2836.19482421875 2843.5419921875 2853.630126953125 2864.422607421875 2873.340576171875 2881.11572265625 2890.74560546875 2901.029052734375 2911.684326171875 2923.025390625 2931.4921875 2939.880859375 2946.113525390625 2954.31884765625 2967.25341796875 2976.907470703125 2980.647216796875 2990.778076171875 3007.182861328125 3024.45654296875 3039.10791015625 3042.573486328125 3041.483642578125 3041.466552734375 3045.333251953125 3045.541748046875 3043.995361328125 3045.824951171875 3049.117919921875
2760.3125 2759.92626953125 2759.253662109375 2759.850341796875 2766.284423828125 2772.123779296875 2776.452880859375 2784.513671875 2792.748046875 2800.2177734375 2805.949951171875 2805.005615234375 2804.8955078125 2811.86083984375 2817.78564453125 2820.6953125 2819.94140625 2820.65771484375 2830.682861328125 2835.1611328125 2839.240478515625 2842.275146484375 2830.02392578125 2820.87109375 2808.92431640625 2824.014892578125 2830.87255859375 2837.928466796875 2846.837158203125 2857.692626953125 2866.39697265625 2872.46630859375 2881.947998046875 2891.897705078125 2901.2880859375 2911.653564453125 2919.976806640625 2927.671142578125 2932.908935546875 2942.6650390625 2953.038330078125 2969.369384765625 2977.3095703125 2985.082763671875 3001.47900390625 3018.89013671875 3032.9912109375 3035.14306640625 3030.055419921875 3026.509033203125 3029.501708984375 3033.565185546875 3040.361328125 3042.043212890625 3043.82568359375
2760.135498046875 2759.8349609375 2759.5771484375 2759.12841796875 2763.38232421875 2766.306884765625 2768.1884765625 2773.465576171875 2778.281005859375 2785.999267578125 2794.22607421875 2796.19384765625 2797.6474609375 2797.64013671875 2801.218994140625 2807.701416015625 2809.350830078125 2812.86083984375 2813.822265625 2826.269775390625 2829.71240234375 2830.279296875 2832.229736328125 2816.713134765625 2802.869384765625 2814.173583984375 2824.6435546875 2832.84521484375 2842.694091796875 2849.78125 2858.527099609375 2862.89208984375 2871.512451171875 2881.59033203125 2889.9189453125 2897.7431640625 2906.791748046875 2915.90234375 2920.43896484375 2931.801025390625 2940.5390625 2958.385009765625 2973.99267578125 2982.783203125 2991.878662109375 3012.25732421875 3027.811767578125 3029.09765625 3021.754150390625 3018.3076171875 3017.083740234375 3019.2001953125 3019.45166015625 3023.48779296875 3035.41796875
2759.680908203125 2759.748046875 2759.211181640625 2759.19482421875 2758.486572265625 2760.435546875 2762.442626953125 2762.98046875 2768.915771484375 2772.52099609375 2779.277587890625 2784.647705078125 2784.8134765625 2789.59716796875 2790.809814453125 2790.802978515625 2791.775390625 2795.031982421875 2795.259765625 2806.00927734375 2818.660888671875 2822.758056640625 2822.852294921875 2814.8955078125 2799.25 2805.95068359375 2813.990234375 2824.8544921875 2833.5556640625 2843.15625 2851.4384765625 2854.73388671875 2862.2490234375 2871.571044921875 2879.07470703125 2886.246826171875 2896.939453125 2902.5703125 2915.531494140625 2923.5791015625 2931.872314453125 2944.759033203125 2964.18310546875 2975.52880859375 2985.069580078125 2997.598388671875 3014.929931640625 3024.11181640625 3013.87646484375 3011.350830078125 3008.472412109375 3009.2294921875 3009.15087890625 3013.030029296875 3022.09814453125
2760.13134765625 2759.597412109375 2760.034423828125 2759.26708984375 2758.45947265625 2758.110595703125 2757.18115234375 2757.065185546875 2760.874267578125 2764.482177734375 2766.98291015625 2769.83056640625 2774.694580078125 2775.825927734375 2776.862060546875 2778.648193359375 2780.2216796875 2781.080322265625 2783.38427734375 2787.338134765625 2802.2666015625 2809.136474609375 2813.548095703125 2809.306396484375 2796.01708984375 2799.69287109375 2805.7529296875 2816.1201171875 2827.609619140625 2834.43212890625 2842.128662109375 2847.692626953125 2852.9296875 2859.743408203125 2868.803955078125 2878.852783203125 2882.435546875 2895.887939453125 2907.45263671875 2915.7177734375 2922.432861328125 2932.932861328125 2949.744384765625 2965.224853515625 2978.2470703125 2985.8369140625 2997.52099609375 3009.341064453125 3002.55078125 2998.577880859375 2996.896240234375 2997.224609375 3000.5673828125 3004.73046875 3012.309814453125
