book/modules/data/openamundsen/dem_uppereastriver_50.asc
ncols        280
nrows        337
xllcorner    322550.000000000000
yllcorner    4305600.000000000000
cellsize     50.000000000000
NODATA_value nan
[rows 300 to 324 of 337, columns 220 to 274 of 280]
2859.05712890625 2830.734375 2806.93798828125 2784.68505859375 2764.514404296875 2757.809814453125 2753.763427734375 2745.335205078125 2741.81982421875 2733.818115234375 2731.936767578125 2732.057861328125 2731.5029296875 2730.219482421875 2730.026123046875 2729.205810546875 2729.156982421875 2728.50830078125 2730.93798828125 2733.703369140625 2733.79541015625 2736.713134765625 2736.724609375 2736.59326171875 2737.385009765625 2741.87109375 2747.79736328125 2753.4482421875 2759.687744140625 2768.927978515625 2776.80712890625 2786.52490234375 2792.294921875 2800.759765625 2809.625 2807.117431640625 2811.2119140625 2824.914794921875 2837.103271484375 2850.870361328125 2859.849853515625 2877.796875 2893.3173828125 2901.781982421875 2910.148193359375 2924.802734375 nan nan nan nan nan nan nan nan nan
2875.62353515625 2851.96044921875 2823.833984375 2808.25732421875 2783.245849609375 2771.105712890625 2760.0771484375 2750.671630859375 2745.177001953125 2740.334716796875 2735.92822265625 2733.926025390625 2731.7470703125 2731.104248046875 2730.935791015625 2730.032470703125 2728.804443359375 2728.505615234375 2728.27197265625 2731.23046875 2732.529541015625 2733.604248046875 2734.384765625 2733.8935546875 2733.901123046875 2732.908935546875 2739.975830078125 2748.00390625 2754.751953125 2760.86962890625 2770.438232421875 2777.213623046875 2784.611328125 2793.16796875 2802.875244140625 2800.639404296875 2815.267333984375 2827.770751953125 2839.130126953125 2849.61669921875 2861.68408203125 2875.591552734375 2888.66259765625 2896.757080078125 2911.085205078125 2922.444580078125 nan nan nan nan nan nan nan nan nan
2901.807861328125 2878.53955078125 2850.269287109375 2824.09521484375 2802.65234375 2783.3408203125 2769.185546875 2757.639892578125 2748.06689453125 2742.6259765625 2737.777099609375 2734.5830078125 2733.02001953125 2731.646728515625 2730.49560546875 2729.489990234375 2728.8173828125 2728.669677734375 2728.238037109375 2729.194091796875 2730.671142578125 2731.5615234375 2732.093994140625 2732.222412109375 2732.021484375 2731.546630859375 2730.787841796875 2737.120361328125 2746.541015625 2754.067138671875 2761.822998046875 2771.036376953125 2777.75341796875 2785.196044921875 2789.49609375 2799.345703125 2815.603759765625 2825.206298828125 2837.57275390625 2849.160888671875 2861.4541015625 2877.255859375 2884.408203125 2895.74365234375 2912.06298828125 2914.84033203125 nan nan nan nan nan nan nan nan nan
2920.22509765625 2901.402587890625 2872.818603515625 2841.012939453125 2820.055419921875 2796.432373046875 2780.365478515625 2764.884033203125 2751.95751953125 2746.761474609375 2738.713623046875 2735.697265625 2733.833251953125 2732.336181640625 2730.002685546875 2729.08056640625 2728.52490234375 2728.2294921875 2728.37939453125 2727.59423828125 2728.781982421875 2730.105712890625 2730.325439453125 2731.02197265625 2730.782470703125 2730.192138671875 2729.77392578125 2731.17236328125 2736.454345703125 2742.56591796875 2749.673583984375 2762.552490234375 2770.260498046875 2772.95361328125 2784.442138671875 2801.5048828125 2814.385009765625 2823.89697265625 2834.688232421875 2845.7802734375 2860.16552734375 2871.94482421875 2878.576904296875 2893.773681640625 2903.870849609375 2904.966064453125 nan nan nan nan nan nan nan nan nan
2930.402099609375 2915.06787109375 2897.4814453125 2865.173828125 2835.25537109375 2813.07666015625 2791.639404296875 2775.024658203125 2759.22998046875 2745.9736328125 2740.6884765625 2737.00244140625 2735.134033203125 2732.39453125 2730.27783203125 2728.93603515625 2727.93994140625 2728.077392578125 2727.614990234375 2728.055419921875 2728.86376953125 2728.822265625 2729.4267578125 2729.9619140625 2729.532958984375 2728.92431640625 2728.559326171875 2729.548828125 2732.20361328125 2747.704345703125 2754.939453125 2760.222412109375 2770.99072265625 2781.575927734375 2788.668212890625 2799.16357421875 2812.27490234375 2825.224365234375 2833.55322265625 2842.120361328125 2852.239990234375 2867.165771484375 2873.863037109375 2889.89111328125 2898.77587890625 2898.234375 nan nan nan nan nan nan nan nan nan
2945.409423828125 2924.50439453125 2897.77587890625 2882.02490234375 2857.10595703125 2836.759033203125 2809.92041015625 2785.06201171875 2767.55859375 2752.078369140625 2744.3251953125 2737.74462890625 2735.09033203125 2731.61181640625 2730.349365234375 2728.428466796875 2728.081298828125 2727.533935546875 2727.626953125 2727.032470703125 2727.720947265625 2728.04345703125 2728.238037109375 2728.45361328125 2728.37548828125 2728.146728515625 2727.96923828125 2728.69140625 2728.64892578125 2740.726806640625 2750.514892578125 2760.981201171875 2770.232421875 2779.3525390625 2786.921142578125 2798.37158203125 2811.81298828125 2823.44873046875 2833.939208984375 2842.3564453125 2851.93896484375 2863.4228515625 2870.9560546875 2883.931884765625 2887.41162109375 nan nan nan nan nan nan nan nan nan nan
2957.468505859375 2939.960693359375 2917.1181640625 2901.48046875 2883.572509765625 2848.9521484375 2820.17919921875 2795.434326171875 2776.198974609375 2761.343994140625 2743.75537109375 2736.47265625 2734.106689453125 2731.33642578125 2729.8466796875 2728.044921875 2727.58251953125 2726.839599609375 2727.439697265625 2727.5380859375 2727.570556640625 2727.579833984375 2727.5361328125 2727.634521484375 2727.331787109375 2727.31640625 2727.4931640625 2727.81640625 2727.918212890625 2732.171630859375 2744.631591796875 2756.4365234375 2766.986083984375 2775.66650390625 2788.34765625 2799.590087890625 2808.85205078125 2822.056640625 2833.030517578125 2839.16357421875 2852.026611328125 2859.3056640625 2867.55419921875 2872.597900390625 2874.60107421875 nan nan nan nan nan nan nan nan nan nan
2962.233642578125 2955.315673828125 2931.860595703125 2921.7890625 2902.740234375 2870.926513671875 2840.0908203125 2813.701904296875 2791.240478515625 2770.399658203125 2748.39404296875 2738.174560546875 2735.58154296875 2731.684814453125 2729.75830078125 2728.35498046875 2726.766357421875 2726.974853515625 2727.314697265625 2727.330078125 2727.460693359375 2727.305419921875 2727.39453125 2727.042236328125 2726.892333984375 2726.821533203125 2727.009033203125 2726.903564453125 2727.3759765625 2731.17724609375 2742.350341796875 2752.89697265625 2765.29541015625 2774.66064453125 2788.086181640625 2795.265380859375 2806.903564453125 2822.036865234375 2834.836181640625 2838.33056640625 2851.1728515625 2854.885009765625 2858.52001953125 2867.09130859375 nan nan nan nan nan nan nan nan nan nan nan
2955.086181640625 2955.939208984375 2940.0595703125 2939.029541015625 2919.247802734375 2891.980224609375 2861.247314453125 2831.8017578125 2799.54931640625 2775.771728515625 2757.412353515625 2738.39404296875 2733.6416015625 2731.65283203125 2729.90087890625 2728.119384765625 2727.36328125 2726.3447265625 2726.64306640625 2727.070068359375 2727.0244140625 2727.04638671875 2726.90771484375 2726.587646484375 2726.580322265625 2726.5849609375 2726.487060546875 2726.5771484375 2726.57568359375 2728.669677734375 2739.818603515625 2751.34521484375 2763.243408203125 2772.353515625 2785.19775390625 2794.03076171875 2804.2802734375 2819.694580078125 2833.123779296875 2832.580810546875 2848.6025390625 2854.51416015625 2862.0615234375 nan nan nan nan nan nan nan nan nan nan nan nan
2955.461181640625 2954.482177734375 2946.132080078125 2942.345703125 2928.66064453125 2905.392578125 2876.84619140625 2841.89111328125 2812.394775390625 2782.5517578125 2758.53466796875 2742.22314453125 2735.527099609375 2732.023193359375 2729.904296875 2727.815673828125 2726.989990234375 2726.60693359375 2726.027099609375 2726.7294921875 2726.95458984375 2726.943359375 2726.46923828125 2726.31982421875 2726.26904296875 2726.3232421875 2726.220458984375 2726.24609375 2726.230224609375 2726.834228515625 2736.5126953125 2750.12548828125 2759.767578125 2770.845947265625 2782.98779296875 2793.957763671875 2802.521728515625 2815.87451171875 2829.70458984375 2826.179931640625 2843.397705078125 nan nan nan nan nan nan nan nan nan nan nan nan nan nan
2960.8388671875 2953.158935546875 2950.837646484375 2934.201904296875 2927.962158203125 2910.470947265625 2884.743896484375 2851.1630859375 2823.71630859375 2793.220947265625 2766.86083984375 2747.66552734375 2737.63232421875 2732.926513671875 2730.275146484375 2727.12939453125 2726.703369140625 2726.22265625 2726.52880859375 2726.655029296875 2726.736328125 2726.42822265625 2726.0771484375 2726.042724609375 2726.14404296875 2726.074951171875 2726.057373046875 2725.82958984375 2725.80126953125 2725.689453125 2736.031005859375 2747.749267578125 2755.9619140625 2765.947021484375 2779.90234375 2792.547607421875 2796.909423828125 2808.619384765625 2822.521484375 2829.134033203125 nan nan nan nan nan nan nan nan nan nan nan nan nan nan nan
2968.57373046875 2959.666015625 2949.345947265625 2933.22021484375 2920.437255859375 2914.13134765625 2888.849365234375 2856.684326171875 2833.053466796875 2801.03369140625 2772.8642578125 2756.658447265625 2739.3427734375 2735.950439453125 2732.40087890625 2728.562744140625 2726.424560546875 2725.986328125 2725.494140625 2725.842529296875 2726.357177734375 2726.101318359375 2725.850830078125 2725.777099609375 2725.892333984375 2725.795166015625 2725.697998046875 2725.545166015625 2725.585693359375 2725.422119140625 2731.3330078125 2744.53759765625 2752.56640625 2761.618896484375 2772.849609375 2781.9931640625 2794.8115234375 2809.05712890625 nan nan nan nan nan nan nan nan nan nan nan nan nan nan nan nan nan
2968.497802734375 2958.483642578125 2946.00390625 2928.451416015625 2917.97607421875 2909.526611328125 2877.46240234375 2850.227294921875 2833.97216796875 2809.159912109375 2782.993896484375 2767.88916015625 2744.0830078125 2738.94970703125 2734.456298828125 2730.27978515625 2728.09326171875 2725.505859375 2725.676513671875 2725.63818359375 2725.84716796875 2725.5986328125 2725.598388671875 2725.61767578125 2725.619140625 2725.5595703125 2725.406494140625 2725.3671875 2725.27783203125 2725.322998046875 2728.4189453125 2742.357177734375 2751.2890625 2760.663330078125 2772.05712890625 2783.108642578125 2793.508544921875 2801.916259765625 nan nan nan nan nan nan nan nan nan nan nan nan nan nan nan nan nan
2985.433349609375 2962.365478515625 2941.98681640625 2929.809326171875 2911.004150390625 2896.71337890625 2864.665771484375 2835.15673828125 2819.017333984375 2801.896728515625 2784.167724609375 2772.110595703125 2748.8251953125 2739.4873046875 2733.572265625 2730.17626953125 2727.708740234375 2724.951171875 2725.934814453125 2725.998779296875 2725.881591796875 2725.476318359375 2725.401611328125 2725.366455078125 2725.5498046875 2725.39794921875 2725.259765625 2725.165771484375 2725.270263671875 2725.617431640625 2727.63427734375 2741.910400390625 2751.430419921875 2762.2802734375 2770.094482421875 2781.900146484375 2787.493408203125 2795.975830078125 nan nan nan nan nan nan nan nan nan nan nan nan nan nan nan nan nan
2993.01416015625 2969.609130859375 2948.969482421875 2932.496826171875 2914.32275390625 2901.10205078125 2867.0087890625 2835.841064453125 2818.27734375 2810.04052734375 2797.3330078125 2774.6123046875 2749.911865234375 2738.504638671875 2732.910400390625 2729.470703125 2725.825439453125 2725.71630859375 2725.56103515625 2725.602294921875 2725.4951171875 2725.413330078125 2725.30126953125 2725.29150390625 2725.3310546875 2725.114013671875 2725.133544921875 2725.3662109375 2725.322265625 2725.305419921875 2725.433837890625 2735.152099609375 2747.531982421875 2756.23193359375 2764.774169921875 2773.872802734375 2778.330078125 2783.710205078125 nan nan nan nan nan nan nan nan nan nan nan nan nan nan nan nan nan
2997.8232421875 2975.900146484375 2955.138671875 2938.635986328125 2923.388916015625 2901.056884765625 2877.337890625 2860.407958984375 2843.427734375 2829.877197265625 2801.92578125 2778.778076171875 2746.572509765625 2737.84326171875 2733.34326171875 2727.2470703125 2725.729736328125 2725.406494140625 2724.5888671875 2725.2900390625 2724.86669921875 2724.475341796875 2725.06787109375 2724.984619140625 2725.010009765625 2724.932861328125 2724.947998046875 2725.052734375 2725.1875 2725.35986328125 2725.65576171875 2725.6689453125 2737.83251953125 2749.181884765625 2761.071044921875 2768.20654296875 2770.41552734375 2774.637939453125 nan nan nan nan nan nan nan nan nan nan nan nan nan nan nan nan nan
3000.5 2978.925048828125 2961.051513671875 2943.771240234375 2927.610595703125 2923.060302734375 2906.532470703125 2879.437255859375 2857.34375 2836.36279296875 2805.709228515625 2780.055908203125 2754.012451171875 2742.25390625 2734.21533203125 2726.85205078125 2725.650634765625 2724.76708984375 2725.347412109375 2724.14501953125 2724.671630859375 2724.899658203125 2724.8642578125 2724.70849609375 2724.90673828125 2724.929931640625 2725.14013671875 2725.288330078125 2725.294189453125 2725.568603515625 2725.88525390625 2725.8525390625 2732.93603515625 2743.22314453125 2757.948974609375 2763.550537109375 2765.71923828125 nan nan nan nan nan nan nan nan nan nan nan nan nan nan nan nan nan nan
2998.22119140625 2977.9482421875 2962.818115234375 2949.759033203125 2940.216552734375 2928.21826171875 2905.870849609375 2874.336669921875 2852.247802734375 2825.79345703125 2799.141845703125 2781.690185546875 2759.634521484375 2743.611328125 2735.1103515625 2729.292236328125 2725.83837890625 2725.078857421875 2724.088134765625 2724.4404296875 2724.7412109375 2724.7529296875 2724.83837890625 2724.657470703125 2724.667724609375 2725.028076171875 2725.383056640625 2725.769775390625 2725.90087890625 2726.1142578125 2726.32080078125 2726.461181640625 2732.1953125 2743.73779296875 2756.16064453125 2760.81689453125 2763.080078125 nan nan nan nan nan nan nan nan nan nan nan nan nan nan nan nan nan nan
2996.165283203125 2979.939208984375 2965.96630859375 2954.03076171875 2946.74462890625 2930.094482421875 2897.806396484375 2874.27734375 2854.627197265625 2834.21923828125 2805.192626953125 2784.38623046875 2759.99755859375 2748.315673828125 2735.42578125 2730.341064453125 2726.97900390625 2724.896240234375 2724.46826171875 2724.660888671875 2724.631591796875 2724.645263671875 2724.751708984375 2724.593017578125 2724.7685546875 2725.109130859375 2725.598388671875 2725.9638671875 2726.59814453125 2726.798828125 2726.627685546875 2726.893310546875 2733.5927734375 2744.3427734375 2756.08447265625 2759.98486328125 nan nan nan nan nan nan nan nan nan nan nan nan nan nan nan nan nan nan nan
2997.69287109375 2986.981201171875 2971.525634765625 2963.44287109375 2949.694580078125 2925.0625 2907.403076171875 2888.996337890625 2872.9736328125 2852.572509765625 2822.61767578125 2784.004638671875 2766.042236328125 2753.304443359375 2743.626220703125 2730.697998046875 2725.057373046875 2724.41455078125 2724.341552734375 2724.287109375 2724.672119140625 2724.171142578125 2724.596923828125 2724.486572265625 2724.668701171875 2725.493408203125 2725.798095703125 2726.283203125 2727.02587890625 2727.275146484375 2727.225830078125 2727.5625 2736.025634765625 2745.430908203125 2754.929443359375 2757.33154296875 nan nan nan nan nan nan nan nan nan nan nan nan nan nan nan nan nan nan nan
3003.46435546875 3002.11865234375 2983.6259765625 2967.290771484375 2950.8642578125 2938.61181640625 2921.02490234375 2901.2646484375 2885.136962890625 2859.671875 2826.7509765625 2782.919677734375 2768.517578125 2758.737548828125 2748.654541015625 2739.5859375 2725.2275390625 2724.256591796875 2724.25 2724.163818359375 2724.407470703125 2724.21533203125 2724.95751953125 2724.731201171875 2725.396240234375 2726.009765625 2726.177490234375 2726.67578125 2727.27099609375 2727.8828125 2727.80322265625 2728.328125 2740.156494140625 2751.31103515625 2752.57568359375 2756.625732421875 nan nan nan nan nan nan nan nan nan nan nan nan nan nan nan nan nan nan nan
3009.933837890625 3002.755859375 2996.59521484375 2969.211181640625 2953.993896484375 2943.491455078125 2932.2412109375 2910.57568359375 2893.346435546875 2869.529052734375 2830.447998046875 2785.5751953125 2764.50927734375 2761.830810546875 2752.36328125 2742.085205078125 2727.08740234375 2723.507080078125 2724.147705078125 2724.1611328125 2723.648193359375 2724.560546875 2725.168212890625 2724.7939453125 2725.338623046875 2725.7998046875 2726.55224609375 2726.989990234375 2727.62060546875 2728.200927734375 2728.3291015625 2730.003173828125 2744.745361328125 2747.989501953125 2751.31689453125 2753.309814453125 nan nan nan nan nan nan nan nan nan nan nan nan nan nan nan nan nan nan nan
3009.004638671875 3005.61767578125 2994.93798828125 2972.29736328125 2961.973388671875 2950.6064453125 2939.17626953125 2919.48095703125 2894.117431640625 2872.96826171875 2837.187255859375 2790.269775390625 2768.491455078125 2761.609619140625 2751.86865234375 2742.37158203125 2729.16455078125 2723.4267578125 2723.602294921875 2723.663818359375 2724.142333984375 2725.037841796875 2725.34375 2725.008056640625 2725.6650390625 2726.25439453125 2726.939453125 2727.25732421875 2728.06591796875 2728.6865234375 2729.095458984375 2729.685791015625 2742.474853515625 2745.557373046875 2748.432861328125 2750.894775390625 nan nan nan nan nan nan nan nan nan nan nan nan nan nan nan nan nan nan nan
3015.89306640625 3010.8828125 3000.34033203125 2977.781982421875 2967.602294921875 2948.159912109375 2939.091064453125 2908.83056640625 2893.727783203125 2878.544677734375 2837.79931640625 2801.245361328125 2772.222412109375 2765.916015625 2756.307373046875 2740.268310546875 2726.6064453125 2723.794921875 2723.155029296875 2723.861328125 2723.156494140625 2724.622314453125 2725.264892578125 2725.1787109375 2725.620361328125 2726.10009765625 2727.25244140625 2727.758544921875 2728.16162109375 2729.09619140625 2729.313720703125 2729.578369140625 2737.134765625 2742.2080078125 2745.6474609375 2748.67724609375 nan nan nan nan nan nan nan nan nan nan nan nan nan nan nan nan nan nan nan
3021.109130859375 3011.84765625 2999.263916015625 2986.79443359375 2972.30517578125 2955.784912109375 2931.866943359375 2907.976318359375 2888.81005859375 2864.340087890625 2837.084228515625 2804.17236328125 2780.298828125 2767.460693359375 2752.637451171875 2739.708740234375 2727.296630859375 2723.416748046875 2723.460693359375 2723.2451171875 2722.963134765625 2724.505615234375 2725.716552734375 2725.813232421875 2726.359619140625 2726.700927734375 2727.4453125 2727.94384765625 2728.488525390625 2729.17236328125 2729.9052734375 2730.052734375 2732.647216796875 2739.36669921875 2742.240478515625 2746.860595703125 nan nan nan nan nan nan nan nan nan nan nan nan nan nan nan nan nan nan nan
