book/modules/data/openamundsen/dem_uppereastriver_50.asc
ncols        280
nrows        337
xllcorner    322550.000000000000
yllcorner    4305600.000000000000
cellsize     50.000000000000
NODATA_value nan
[rows 25 to 49 of 337, columns 0 to 54 of 280]
nan nan nan nan nan nan nan nan nan nan nan nan nan nan nan nan nan nan nan nan nan nan nan nan nan nan nan nan nan nan nan nan nan nan nan nan nan nan nan nan nan nan nan nan nan nan nan nan nan nan nan nan nan nan nan
nan nan nan nan nan nan nan nan nan nan nan nan nan nan nan nan nan nan nan nan nan nan nan nan nan nan nan nan nan nan nan nan nan nan nan nan nan nan nan nan nan nan nan nan nan nan nan nan nan nan nan nan nan nan nan
nan nan nan nan nan nan nan nan nan nan nan nan nan nan nan nan nan nan nan nan nan nan nan nan nan nan nan nan nan nan nan nan nan nan nan nan nan nan nan nan nan nan nan nan nan nan nan nan nan nan nan nan nan nan nan
nan nan nan nan nan nan nan nan nan nan nan nan nan nan nan nan nan nan nan nan nan nan nan nan nan nan nan nan nan nan nan nan nan nan nan nan nan nan nan nan nan nan nan nan nan nan nan nan nan nan nan nan nan nan nan
nan nan nan nan nan nan nan nan nan nan nan nan nan nan nan nan nan nan nan nan nan nan nan nan nan nan nan nan nan nan nan nan nan nan nan nan nan nan nan nan nan nan nan nan nan nan nan nan nan nan nan nan nan nan nan
nan nan nan nan nan nan nan nan nan nan nan nan nan nan nan nan nan nan nan nan nan nan nan nan nan nan nan nan nan nan nan nan nan nan nan nan nan nan nan nan nan nan nan nan nan nan nan nan nan nan nan nan nan nan nan
nan nan nan nan nan nan nan nan nan nan nan nan nan nan nan nan nan nan nan nan nan nan nan nan nan nan nan nan nan nan nan nan nan nan nan nan nan nan nan nan nan nan nan nan nan nan nan nan nan nan nan nan nan nan nan
nan nan nan nan nan nan nan nan nan nan nan nan nan nan nan nan nan nan nan nan nan nan nan nan nan nan nan nan nan nan nan nan nan nan nan nan nan nan nan nan nan nan nan nan nan nan nan nan nan nan nan nan nan nan nan
nan nan nan nan nan nan nan nan nan nan nan nan nan nan nan nan nan nan nan nan nan nan nan nan nan nan nan nan nan nan nan nan nan nan nan nan nan nan nan nan nan nan nan nan nan nan nan nan nan nan nan nan nan nan nan
nan nan nan nan nan nan nan nan nan nan nan nan nan nan nan nan nan nan nan nan nan nan nan nan nan nan nan nan nan nan nan nan nan nan nan nan nan nan nan nan nan nan nan nan nan nan nan nan nan nan nan nan nan nan nan
nan nan nan nan nan nan nan nan nan nan nan nan nan nan 3402.1298828125 3404.00439453125 nan nan nan nan nan nan nan nan nan nan nan nan nan nan nan nan nan nan nan nan nan nan nan nan nan nan nan nan nan nan nan nan nan nan nan nan nan nan nan
nan nan nan nan nan nan nan nan nan nan nan nan nan nan 3400.1845703125 3405.74658203125 3409.199951171875 3421.131103515625 nan nan nan nan nan nan nan nan nan nan nan nan nan nan nan nan nan nan nan nan nan nan nan nan nan nan nan nan nan nan nan nan nan nan nan nan nan
nan nan nan nan nan nan nan nan nan nan nan 3366.506591796875 3385.03564453125 3395.627685546875 3405.557861328125 3414.321044921875 3410.138916015625 3418.7666015625 3421.534423828125 3426.974365234375 nan nan nan nan nan nan nan nan nan nan nan nan nan nan nan nan nan nan nan nan nan nan nan nan nan nan nan nan nan nan nan nan nan nan nan
nan nan nan nan nan nan nan nan 3343.44677734375 3357.7578125 3366.267822265625 3362.89111328125 3364.704345703125 3391.083251953125 3409.015625 3427.5087890625 3417.7333984375 3412.1376953125 3417.31884765625 3425.341064453125 3427.880126953125 3434.74658203125 nan nan nan nan nan nan nan nan nan nan nan nan nan nan nan nan nan nan 3742.823974609375 3766.953369140625 3796.011474609375 nan nan nan nan nan nan nan nan nan nan nan nan
nan nan nan nan nan nan 3303.43212890625 3314.50341796875 3327.44775390625 3349.505615234375 3356.50341796875 3357.3056640625 3361.201171875 3381.70556640625 3399.564453125 3421.885498046875 3420.0888671875 3415.595703125 3415.652099609375 3419.8232421875 3427.062255859375 3438.212158203125 3444.672119140625 3455.208740234375 nan nan nan nan nan nan nan nan nan nan nan 3683.240478515625 3697.192626953125 3698.435302734375 3694.929443359375 3700.13720703125 3714.275146484375 3737.8330078125 3768.27685546875 nan nan nan nan nan nan nan nan nan nan nan nan
nan nan nan nan 3264.5234375 3277.048828125 3291.87451171875 3291.925537109375 3300.548828125 3318.734375 3327.252197265625 3339.6044921875 3351.703369140625 3364.984375 3392.022216796875 3413.58447265625 3430.201171875 3427.7587890625 3427.341064453125 3423.47119140625 3432.79345703125 3439.545654296875 3450.06103515625 3457.865478515625 3464.997802734375 3474.98779296875 3494.505615234375 3509.764404296875 3527.288818359375 3542.0166015625 nan nan nan 3611.9267578125 3640.518798828125 3658.450927734375 3674.375732421875 3669.773193359375 3661.70849609375 3668.60693359375 3686.476806640625 3714.451171875 3745.55859375 3777.93310546875 nan nan nan nan nan nan nan nan nan nan 3769.760986328125
nan nan nan nan 3275.142333984375 3262.345458984375 3267.18115234375 3267.731201171875 3275.9677734375 3284.36328125 3301.63330078125 3322.372314453125 3345.264404296875 3349.912109375 3379.85546875 3405.669921875 3431.179931640625 3440.489990234375 3444.08447265625 3440.421142578125 3433.10107421875 3445.70556640625 3452.064453125 3456.324462890625 3459.933349609375 3470.603271484375 3492.75439453125 3510.356689453125 3529.186767578125 3540.14892578125 3545.5078125 3554.597900390625 3572.821044921875 3599.946533203125 3618.87548828125 3631.655517578125 3638.207763671875 3633.822265625 3625.1796875 3639.021728515625 3660.47119140625 3691.23193359375 3723.684326171875 3754.260986328125 3786.03515625 nan nan nan nan nan nan nan nan 3744.097412109375 3738.128173828125
nan nan nan nan 3278.840087890625 3260.115478515625 3250.615478515625 3244.47216796875 3250.102294921875 3258.45556640625 3278.5810546875 3298.889892578125 3321.43896484375 3337.498779296875 3365.9111328125 3394.808837890625 3423.22900390625 3443.977783203125 3461.307861328125 3454.597900390625 3448.69677734375 3443.3701171875 3448.385498046875 3453.22119140625 3456.45654296875 3471.3466796875 3483.83447265625 3498.376708984375 3513.27880859375 3522.909912109375 3534.9345703125 3543.49658203125 3555.111083984375 3576.498779296875 3594.162109375 3605.87109375 3605.346923828125 3599.7236328125 3593.76513671875 3614.210205078125 3640.131591796875 3671.935546875 3706.6142578125 3738.261474609375 3769.255126953125 nan nan nan nan nan nan 3713.277099609375 3710.4873046875 3708.453857421875 3704.918212890625
nan nan nan 3285.05322265625 3268.8232421875 3250.985595703125 3244.2421875 3239.5732421875 3226.017822265625 3232.402099609375 3251.401123046875 3271.272216796875 3286.675537109375 3315.413330078125 3349.795654296875 3378.994384765625 3410.934326171875 3431.685546875 3452.10546875 3465.0966796875 3454.466552734375 3451.486572265625 3445.647705078125 3444.53662109375 3451.686767578125 3464.525634765625 3467.798828125 3483.514404296875 3495.8544921875 3506.162109375 3518.482177734375 3523.177734375 3533.6201171875 3549.808837890625 3564.6376953125 3571.902099609375 3570.838623046875 3567.07421875 3572.10888671875 3593.587158203125 3620.98388671875 3654.37548828125 3689.50244140625 3719.434326171875 3744.5703125 3753.706787109375 3764.78173828125 nan nan 3720.48779296875 3697.33642578125 3680.618896484375 3675.34765625 3672.13037109375 3665.72998046875
nan nan nan 3283.795654296875 3264.537841796875 3244.876708984375 3222.22900390625 3227.21337890625 3214.586669921875 3212.37890625 3224.172119140625 3243.44775390625 3262.98876953125 3293 3326.546630859375 3360.72998046875 3385.2744140625 3418.84326171875 3430.929931640625 3442.095458984375 3443.260986328125 3454.072265625 3453.429931640625 3446.330078125 3451.806640625 3459.091064453125 3457.017822265625 3469.699951171875 3483.678955078125 3491.045654296875 3497.449951171875 3505.60009765625 3507.85107421875 3521.236572265625 3529.2177734375 3535.93115234375 3537.863525390625 3536.394287109375 3551.021484375 3573.908447265625 3603.10107421875 3638.390625 3673.888427734375 3697.343505859375 3712.49560546875 3716.011962890625 3729.9072265625 3749.6923828125 3734.560546875 3704.75048828125 3673.484130859375 3654.728759765625 3642.312255859375 3638.54443359375 3631.18408203125
nan nan nan 3272.747802734375 3254.556640625 3238.425537109375 3216.0087890625 3209.244384765625 3210.712158203125 3206.783203125 3206.247802734375 3224.724365234375 3246.107666015625 3273.64208984375 3303.25 3328.066650390625 3360.864501953125 3398.43896484375 3413.591064453125 3426.4755859375 3431.9599609375 3442.607666015625 3446.5888671875 3441.425537109375 3447.927734375 3457.80126953125 3466.14453125 3468.865478515625 3470.723388671875 3477.5478515625 3480.6767578125 3483.808837890625 3479.85986328125 3491.533447265625 3493.6865234375 3502.10986328125 3506.01220703125 3509.6875 3530.458740234375 3557.21923828125 3589.719482421875 3622.804931640625 3654.768798828125 3675.19287109375 3674.728515625 3682.786376953125 3700.3056640625 3722.451171875 3724.81494140625 3693.540283203125 3659.942138671875 3633.840576171875 3617.46484375 3610.135009765625 3602.90576171875
nan nan 3316.806640625 3295.31787109375 3264.744384765625 3232.64453125 3210.445556640625 3207.454345703125 3201.1298828125 3195.622314453125 3195.739990234375 3202.478759765625 3224.265625 3248.005615234375 3277.8701171875 3305.44677734375 3337.929931640625 3373.4267578125 3410.1123046875 3415.4521484375 3413.08544921875 3421.61669921875 3425.195556640625 3430.135498046875 3438.465576171875 3448.63671875 3458.97900390625 3464.67431640625 3465.3876953125 3464.989990234375 3459.88330078125 3456.562255859375 3448.198974609375 3457.646728515625 3456.60888671875 3469.424560546875 3478.471923828125 3489.864501953125 3511.616455078125 3541.31103515625 3572.439208984375 3603.4990234375 3632.72900390625 3646.87646484375 3640.067138671875 3652.34228515625 3671.362060546875 3696.941162109375 3721.134033203125 3684.64599609375 3652.1083984375 3623.172119140625 3603.109375 3590.40966796875 3582.93505859375
nan nan 3335.18115234375 3306.87451171875 3274.234375 3242.792236328125 3217.64111328125 3204.385498046875 3191.469970703125 3189.39111328125 3190.39892578125 3191.5087890625 3209.042236328125 3232.692138671875 3258.6455078125 3288.02783203125 3320.03662109375 3357.281005859375 3392.07666015625 3410.178955078125 3408.7978515625 3405.288818359375 3409.99560546875 3412.162109375 3426.51123046875 3431.486572265625 3442.1533203125 3451.954345703125 3453.828857421875 3447.42333984375 3443.998779296875 3440.3544921875 3422.57666015625 3424.86767578125 3428.166748046875 3436.554443359375 3445.15380859375 3469.67333984375 3495.2275390625 3523.054443359375 3552.80615234375 3583.459228515625 3607.699462890625 3603.95166015625 3607.732177734375 3624.2451171875 3648.312255859375 3676.777099609375 3691.759521484375 3688.39111328125 3653.389892578125 3621.16943359375 3595.985107421875 3585.544189453125 3578.756103515625
nan nan 3351.7978515625 3312.739013671875 3280.171142578125 3250.58544921875 3234.408935546875 3209.356689453125 3191.097900390625 3187.9912109375 3186.550048828125 3186.550048828125 3199.627685546875 3219.647705078125 3242.178955078125 3272.60546875 3302.442138671875 3342.796630859375 3377.66552734375 3397.6767578125 3406.590087890625 3399.9921875 3397.28564453125 3397.178955078125 3412.372314453125 3418.748779296875 3422.775634765625 3431.587890625 3436.935546875 3437.45654296875 3429.853271484375 3422.28564453125 3396.14453125 3399.824462890625 3409.273193359375 3411.812255859375 3432.05322265625 3456.51953125 3479.297607421875 3504.551025390625 3531.959716796875 3564.67626953125 3577.220703125 3569.49853515625 3578.555419921875 3605.705810546875 3634.457275390625 3655.797607421875 3656.37109375 3654.997802734375 3661.667724609375 3638.7421875 3611.026611328125 3584.16455078125 3565.62548828125
nan nan 3351.9189453125 3318.994384765625 3289.185546875 3261.856689453125 3235.678955078125 3219.328857421875 3204.817626953125 3186.550048828125 3186.550048828125 3186.550048828125 3186.550048828125 3201.9912109375 3227.881103515625 3253.400146484375 3280.337646484375 3317.162353515625 3362.548828125 3383.071044921875 3394.4677734375 3393.892333984375 3391.784423828125 3381.830078125 3391.006591796875 3402.15771484375 3408.446533203125 3409.933349609375 3410.025634765625 3412.177734375 3400.135498046875 3395.04443359375 3385.2021484375 3374.195556640625 3385.255615234375 3395.864501953125 3415.357666015625 3438.603271484375 3457.231201171875 3481.530029296875 3508.73779296875 3537.37109375 3543.416748046875 3537.171142578125 3558.4111328125 3592.933349609375 3621.336669921875 3636.31103515625 3623.083251953125 3619.577880859375 3629.4267578125 3651.852294921875 3629.322265625 3592.4111328125 3561.31787109375
