modules/data/openamundsen/svf_uppereastriver_50.asc
ncols        280
nrows        337
xllcorner    322550.000000000000
yllcorner    4305600.000000000000
cellsize     50.000000000000
[rows 204 to 237 of 337, columns 77 to 153 of 280]
1.000 1.000 1.000 1.000 1.000 1.000 1.000 1.000 1.000 1.000 1.000 1.000 1.000 0.983 0.893 0.891 0.917 0.915 0.891 0.890 0.897 0.902 0.909 0.901 0.902 0.906 0.906 0.906 0.907 0.912 0.914 0.917 0.920 0.921 0.924 0.767 0.838 0.879 0.920 0.917 0.926 0.910 0.943 0.946 0.948 0.952 0.954 0.956 0.957 0.959 0.959 0.960 0.960 0.961 0.963 0.962 0.964 0.965 0.966 0.965 0.965 0.964 0.964 0.959 0.960 0.961 0.961 0.961 0.963 0.962 0.962 0.961 0.962 0.962 0.962 0.959 0.962
1.000 1.000 1.000 1.000 1.000 1.000 1.000 1.000 1.000 1.000 1.000 1.000 1.000 0.987 0.961 0.893 0.882 0.909 0.895 0.877 0.891 0.889 0.903 0.907 0.913 0.907 0.907 0.906 0.909 0.909 0.913 0.914 0.917 0.919 0.922 0.925 0.889 0.867 0.850 0.882 0.912 0.882 0.893 0.930 0.930 0.922 0.944 0.947 0.949 0.956 0.958 0.959 0.960 0.962 0.963 0.963 0.964 0.965 0.965 0.966 0.966 0.964 0.961 0.963 0.962 0.961 0.962 0.962 0.962 0.964 0.963 0.962 0.962 0.957 0.955 0.964 0.964
1.000 1.000 1.000 1.000 1.000 1.000 1.000 1.000 1.000 1.000 1.000 1.000 1.000 1.000 0.977 0.945 0.891 0.899 0.904 0.876 0.881 0.881 0.898 0.904 0.912 0.910 0.907 0.902 0.905 0.905 0.902 0.909 0.912 0.917 0.919 0.922 0.925 0.926 0.927 0.880 0.884 0.874 0.877 0.909 0.904 0.902 0.901 0.939 0.951 0.943 0.957 0.958 0.959 0.961 0.962 0.963 0.964 0.965 0.965 0.965 0.967 0.967 0.965 0.963 0.963 0.962 0.962 0.962 0.957 0.964 0.965 0.964 0.962 0.933 0.966 0.965 0.965
1.000 1.000 1.000 1.000 1.000 1.000 1.000 1.000 1.000 1.000 1.000 1.000 1.000 1.000 0.985 0.948 0.877 0.873 0.877 0.894 0.895 0.883 0.881 0.885 0.902 0.908 0.913 0.904 0.907 0.881 0.884 0.904 0.906 0.910 0.914 0.919 0.921 0.923 0.928 0.926 0.928 0.928 0.849 0.893 0.892 0.881 0.904 0.932 0.942 0.933 0.953 0.956 0.958 0.960 0.961 0.963 0.964 0.965 0.965 0.966 0.966 0.967 0.964 0.964 0.964 0.963 0.963 0.963 0.959 0.964 0.963 0.963 0.959 0.965 0.966 0.966 0.966
1.000 1.000 1.000 1.000 1.000 1.000 1.000 1.000 1.000 1.000 1.000 1.000 1.000 1.000 0.988 0.959 0.871 0.877 0.868 0.878 0.873 0.892 0.898 0.887 0.875 0.895 0.901 0.911 0.890 0.906 0.908 0.849 0.901 0.892 0.895 0.904 0.915 0.921 0.924 0.928 0.928 0.930 0.924 0.909 0.924 0.904 0.884 0.915 0.933 0.913 0.952 0.949 0.954 0.958 0.960 0.962 0.963 0.964 0.966 0.967 0.966 0.965 0.965 0.963 0.963 0.964 0.964 0.964 0.962 0.964 0.964 0.965 0.964 0.963 0.955 0.961 0.964
1.000 1.000 1.000 1.000 1.000 1.000 1.000 1.000 1.000 1.000 1.000 1.000 1.000 1.000 1.000 0.960 0.917 0.896 0.876 0.874 0.873 0.879 0.896 0.902 0.880 0.885 0.900 0.908 0.907 0.913 0.913 0.905 0.914 0.904 0.904 0.909 0.918 0.917 0.922 0.924 0.924 0.928 0.929 0.932 0.916 0.899 0.916 0.924 0.937 0.912 0.944 0.916 0.955 0.956 0.958 0.961 0.962 0.964 0.965 0.967 0.966 0.966 0.966 0.964 0.965 0.964 0.965 0.964 0.961 0.963 0.963 0.965 0.964 0.964 0.962 0.962 0.958
1.000 1.000 1.000 1.000 1.000 1.000 1.000 1.000 1.000 1.000 1.000 1.000 1.000 1.000 1.000 0.988 0.985 0.923 0.857 0.871 0.875 0.882 0.893 0.886 0.888 0.882 0.896 0.892 0.889 0.906 0.911 0.916 0.905 0.905 0.916 0.917 0.894 0.908 0.916 0.920 0.920 0.925 0.928 0.930 0.879 0.872 0.910 0.912 0.928 0.905 0.919 0.918 0.951 0.952 0.953 0.960 0.961 0.962 0.964 0.965 0.967 0.966 0.965 0.964 0.965 0.964 0.964 0.964 0.964 0.962 0.964 0.965 0.966 0.965 0.965 0.964 0.961
1.000 1.000 1.000 1.000 1.000 1.000 1.000 1.000 1.000 1.000 1.000 1.000 1.000 1.000 1.000 1.000 0.993 0.935 0.869 0.895 0.884 0.885 0.899 0.893 0.893 0.894 0.896 0.890 0.877 0.891 0.907 0.912 0.916 0.909 0.919 0.912 0.911 0.885 0.907 0.909 0.913 0.923 0.926 0.927 0.901 0.848 0.884 0.905 0.918 0.918 0.904 0.894 0.944 0.920 0.917 0.955 0.958 0.961 0.964 0.965 0.966 0.964 0.963 0.963 0.963 0.964 0.964 0.964 0.965 0.955 0.964 0.963 0.965 0.965 0.964 0.965 0.963
1.000 1.000 1.000 1.000 1.000 1.000 1.000 1.000 1.000 1.000 1.000 1.000 1.000 1.000 1.000 1.000 1.000 0.993 0.935 0.903 0.892 0.886 0.887 0.890 0.887 0.888 0.903 0.904 0.879 0.884 0.896 0.897 0.901 0.901 0.913 0.916 0.921 0.922 0.905 0.911 0.907 0.920 0.921 0.925 0.928 0.787 0.845 0.842 0.882 0.904 0.917 0.909 0.894 0.918 0.930 0.903 0.953 0.959 0.959 0.964 0.965 0.966 0.959 0.962 0.962 0.964 0.965 0.965 0.964 0.932 0.964 0.964 0.965 0.966 0.964 0.963 0.962
1.000 1.000 1.000 1.000 1.000 1.000 1.000 1.000 1.000 1.000 1.000 1.000 1.000 1.000 1.000 1.000 1.000 1.000 0.990 0.923 0.896 0.869 0.849 0.886 0.893 0.899 0.905 0.894 0.887 0.873 0.879 0.882 0.873 0.876 0.893 0.911 0.917 0.921 0.907 0.915 0.913 0.923 0.911 0.915 0.921 0.818 0.865 0.833 0.894 0.830 0.904 0.917 0.922 0.900 0.938 0.912 0.906 0.947 0.957 0.957 0.961 0.960 0.951 0.956 0.960 0.962 0.964 0.965 0.964 0.917 0.924 0.965 0.965 0.965 0.963 0.961 0.956
1.000 1.000 1.000 1.000 1.000 1.000 1.000 1.000 1.000 1.000 1.000 1.000 1.000 1.000 1.000 1.000 1.000 1.000 0.991 0.980 0.964 0.862 0.849 0.867 0.874 0.889 0.907 0.901 0.888 0.882 0.908 0.904 0.874 0.872 0.882 0.893 0.908 0.912 0.900 0.910 0.906 0.919 0.920 0.918 0.916 0.922 0.924 0.917 0.919 0.841 0.851 0.901 0.916 0.923 0.930 0.905 0.876 0.855 0.936 0.955 0.948 0.957 0.955 0.958 0.959 0.958 0.962 0.963 0.963 0.966 0.915 0.929 0.965 0.964 0.962 0.960 0.956
1.000 1.000 1.000 1.000 1.000 1.000 1.000 1.000 1.000 1.000 1.000 1.000 1.000 1.000 1.000 1.000 1.000 1.000 1.000 0.977 0.982 0.843 0.855 0.897 0.911 0.871 0.880 0.886 0.880 0.878 0.907 0.919 0.899 0.887 0.889 0.883 0.891 0.891 0.892 0.884 0.876 0.896 0.901 0.914 0.916 0.917 0.925 0.930 0.927 0.921 0.836 0.860 0.883 0.901 0.912 0.922 0.919 0.895 0.855 0.941 0.953 0.951 0.954 0.959 0.960 0.960 0.961 0.962 0.963 0.965 0.965 0.903 0.964 0.964 0.962 0.960 0.958
1.000 1.000 1.000 1.000 1.000 1.000 1.000 1.000 1.000 1.000 1.000 1.000 1.000 1.000 1.000 1.000 1.000 1.000 1.000 0.984 0.986 0.830 0.845 0.878 0.887 0.863 0.871 0.872 0.891 0.901 0.917 0.910 0.915 0.907 0.910 0.871 0.873 0.883 0.885 0.883 0.860 0.865 0.869 0.891 0.899 0.912 0.918 0.922 0.904 0.899 0.876 0.861 0.840 0.811 0.838 0.893 0.917 0.926 0.918 0.874 0.953 0.954 0.954 0.955 0.956 0.954 0.961 0.962 0.963 0.964 0.960 0.919 0.958 0.964 0.964 0.962 0.959
1.000 1.000 1.000 1.000 1.000 1.000 1.000 1.000 1.000 1.000 1.000 1.000 1.000 1.000 1.000 1.000 1.000 1.000 1.000 1.000 0.984 0.887 0.866 0.880 0.868 0.865 0.870 0.849 0.861 0.868 0.895 0.896 0.896 0.907 0.907 0.912 0.927 0.930 0.922 0.914 0.901 0.883 0.874 0.884 0.873 0.887 0.880 0.898 0.901 0.916 0.929 0.914 0.905 0.903 0.838 0.883 0.898 0.912 0.929 0.927 0.916 0.951 0.951 0.954 0.954 0.953 0.957 0.961 0.962 0.962 0.957 0.936 0.951 0.965 0.966 0.963 0.960
1.000 1.000 1.000 1.000 1.000 1.000 1.000 1.000 1.000 1.000 1.000 1.000 1.000 1.000 1.000 1.000 1.000 1.000 1.000 1.000 0.979 0.953 0.892 0.873 0.861 0.859 0.855 0.887 0.882 0.852 0.850 0.875 0.887 0.864 0.877 0.889 0.907 0.914 0.922 0.928 0.914 0.915 0.918 0.835 0.897 0.884 0.864 0.884 0.897 0.906 0.921 0.931 0.938 0.943 0.943 0.919 0.822 0.879 0.888 0.921 0.934 0.938 0.938 0.951 0.952 0.954 0.956 0.956 0.961 0.962 0.952 0.933 0.965 0.966 0.966 0.965 0.963
1.000 1.000 1.000 1.000 1.000 1.000 1.000 1.000 1.000 1.000 1.000 1.000 1.000 1.000 1.000 1.000 1.000 1.000 1.000 1.000 0.981 0.986 0.841 0.842 0.841 0.847 0.829 0.884 0.899 0.869 0.845 0.838 0.860 0.876 0.879 0.885 0.895 0.916 0.902 0.895 0.896 0.918 0.908 0.917 0.914 0.914 0.887 0.885 0.870 0.874 0.922 0.925 0.934 0.940 0.939 0.818 0.912 0.904 0.835 0.865 0.919 0.936 0.943 0.946 0.950 0.953 0.955 0.954 0.953 0.960 0.952 0.915 0.960 0.965 0.965 0.966 0.966
1.000 1.000 1.000 1.000 1.000 1.000 1.000 1.000 1.000 1.000 1.000 1.000 1.000 1.000 1.000 1.000 1.000 1.000 1.000 1.000 0.983 0.988 0.862 0.834 0.820 0.859 0.891 0.927 0.928 0.896 0.853 0.875 0.880 0.847 0.869 0.880 0.909 0.923 0.928 0.916 0.886 0.889 0.904 0.922 0.935 0.921 0.932 0.938 0.919 0.892 0.890 0.903 0.930 0.939 0.935 0.940 0.944 0.943 0.903 0.895 0.904 0.922 0.938 0.946 0.949 0.952 0.954 0.955 0.957 0.958 0.959 0.950 0.959 0.964 0.963 0.969 0.969
1.000 1.000 1.000 1.000 1.000 1.000 1.000 1.000 1.000 1.000 1.000 1.000 1.000 1.000 1.000 1.000 1.000 1.000 1.000 1.000 0.993 0.993 0.904 0.860 0.840 0.889 0.937 0.942 0.888 0.868 0.888 0.917 0.911 0.846 0.860 0.842 0.891 0.916 0.927 0.939 0.925 0.918 0.923 0.915 0.935 0.940 0.925 0.928 0.916 0.927 0.932 0.900 0.906 0.929 0.922 0.933 0.940 0.945 0.911 0.915 0.906 0.893 0.921 0.938 0.947 0.950 0.952 0.954 0.957 0.957 0.959 0.954 0.953 0.956 0.959 0.969 0.969
1.000 1.000 1.000 1.000 1.000 1.000 1.000 1.000 1.000 1.000 1.000 1.000 1.000 1.000 1.000 1.000 1.000 1.000 1.000 1.000 1.000 0.996 0.993 0.897 0.875 0.922 0.960 0.904 0.852 0.882 0.921 0.918 0.882 0.877 0.922 0.846 0.871 0.888 0.916 0.931 0.934 0.917 0.931 0.919 0.935 0.942 0.950 0.923 0.910 0.908 0.933 0.940 0.922 0.930 0.918 0.923 0.921 0.937 0.926 0.921 0.897 0.911 0.900 0.926 0.940 0.947 0.950 0.953 0.956 0.957 0.958 0.957 0.949 0.942 0.951 0.965 0.970
1.000 1.000 1.000 1.000 1.000 1.000 1.000 1.000 1.000 1.000 1.000 1.000 1.000 1.000 1.000 1.000 1.000 1.000 1.000 1.000 1.000 1.000 0.998 0.998 0.996 0.995 0.975 0.878 0.883 0.906 0.907 0.892 0.892 0.887 0.921 0.865 0.865 0.883 0.900 0.923 0.940 0.947 0.946 0.912 0.928 0.912 0.920 0.936 0.928 0.926 0.928 0.915 0.917 0.945 0.951 0.955 0.942 0.935 0.920 0.932 0.908 0.887 0.894 0.910 0.929 0.940 0.948 0.951 0.954 0.957 0.957 0.958 0.953 0.937 0.939 0.962 0.969
1.000 1.000 1.000 1.000 1.000 1.000 1.000 1.000 1.000 1.000 1.000 1.000 1.000 1.000 1.000 1.000 1.000 1.000 1.000 1.000 1.000 1.000 1.000 1.000 1.000 1.000 0.997 0.969 0.925 0.913 0.862 0.870 0.899 0.922 0.936 0.911 0.855 0.866 0.878 0.905 0.924 0.940 0.955 0.962 0.958 0.935 0.910 0.897 0.936 0.950 0.933 0.934 0.929 0.936 0.936 0.946 0.958 0.963 0.962 0.935 0.946 0.886 0.868 0.888 0.908 0.919 0.938 0.948 0.952 0.955 0.957 0.957 0.956 0.942 0.917 0.948 0.965
1.000 1.000 1.000 1.000 1.000 1.000 1.000 1.000 1.000 1.000 1.000 1.000 1.000 1.000 1.000 1.000 1.000 1.000 1.000 1.000 1.000 1.000 1.000 1.000 1.000 1.000 1.000 0.993 0.995 0.957 0.861 0.887 0.923 0.941 0.938 0.916 0.842 0.849 0.863 0.868 0.885 0.926 0.945 0.955 0.962 0.967 0.938 0.903 0.905 0.932 0.959 0.955 0.954 0.946 0.936 0.919 0.936 0.938 0.943 0.941 0.944 0.946 0.919 0.901 0.897 0.912 0.913 0.941 0.948 0.953 0.955 0.957 0.957 0.952 0.916 0.932 0.965
1.000 1.000 1.000 1.000 1.000 1.000 1.000 1.000 1.000 1.000 1.000 1.000 1.000 1.000 1.000 1.000 1.000 1.000 1.000 1.000 1.000 1.000 1.000 1.000 1.000 1.000 1.000 1.000 1.000 0.997 0.955 0.940 0.950 0.967 0.964 0.932 0.841 0.857 0.860 0.889 0.886 0.908 0.934 0.951 0.958 0.970 0.972 0.956 0.921 0.917 0.942 0.960 0.970 0.960 0.938 0.929 0.929 0.929 0.944 0.943 0.949 0.952 0.952 0.937 0.912 0.901 0.919 0.920 0.940 0.949 0.954 0.956 0.956 0.954 0.936 0.931 0.954
1.000 1.000 1.000 1.000 1.000 1.000 1.000 1.000 1.000 1.000 1.000 1.000 1.000 1.000 1.000 1.000 1.000 1.000 1.000 1.000 1.000 1.000 1.000 1.000 1.000 1.000 1.000 1.000 1.000 1.000 0.998 0.997 0.995 0.988 0.985 0.982 0.961 0.902 0.867 0.880 0.863 0.885 0.925 0.947 0.954 0.949 0.964 0.970 0.968 0.951 0.948 0.947 0.957 0.965 0.942 0.933 0.925 0.916 0.933 0.937 0.946 0.946 0.949 0.949 0.939 0.914 0.909 0.918 0.917 0.944 0.950 0.954 0.956 0.955 0.945 0.914 0.925
1.000 1.000 1.000 1.000 1.000 1.000 1.000 1.000 1.000 1.000 1.000 1.000 1.000 1.000 1.000 1.000 1.000 1.000 1.000 1.000 1.000 1.000 1.000 1.000 1.000 1.000 1.000 1.000 1.000 1.000 1.000 1.000 0.998 0.984 0.966 0.946 0.959 0.967 0.945 0.934 0.903 0.898 0.920 0.933 0.948 0.961 0.958 0.966 0.969 0.969 0.965 0.960 0.971 0.967 0.959 0.950 0.916 0.905 0.923 0.931 0.935 0.949 0.948 0.940 0.940 0.929 0.914 0.919 0.910 0.931 0.944 0.952 0.954 0.955 0.952 0.939 0.921
1.000 1.000 1.000 1.000 1.000 1.000 1.000 1.000 1.000 1.000 1.000 1.000 1.000 1.000 1.000 1.000 1.000 1.000 1.000 1.000 1.000 1.000 1.000 1.000 1.000 1.000 1.000 1.000 1.000 1.000 1.000 1.000 0.997 0.971 0.923 0.924 0.925 0.935 0.955 0.939 0.913 0.932 0.916 0.922 0.945 0.958 0.964 0.964 0.968 0.968 0.968 0.963 0.957 0.972 0.969 0.969 0.947 0.886 0.913 0.916 0.916 0.938 0.949 0.955 0.959 0.946 0.933 0.922 0.914 0.917 0.933 0.945 0.950 0.954 0.955 0.951 0.925
1.000 1.000 1.000 1.000 1.000 1.000 1.000 1.000 1.000 1.000 1.000 1.000 1.000 1.000 1.000 1.000 1.000 1.000 1.000 1.000 1.000 1.000 1.000 1.000 1.000 1.000 1.000 1.000 1.000 1.000 1.000 1.000 1.000 0.975 0.927 0.919 0.930 0.933 0.933 0.928 0.914 0.943 0.946 0.942 0.948 0.956 0.957 0.947 0.955 0.968 0.957 0.951 0.937 0.965 0.969 0.969 0.976 0.964 0.922 0.918 0.900 0.913 0.936 0.947 0.949 0.956 0.949 0.898 0.898 0.905 0.909 0.933 0.946 0.952 0.955 0.956 0.949
1.000 1.000 1.000 1.000 1.000 1.000 1.000 1.000 1.000 1.000 1.000 1.000 1.000 1.000 1.000 1.000 1.000 1.000 1.000 1.000 1.000 1.000 1.000 1.000 1.000 1.000 1.000 1.000 1.000 1.000 1.000 1.000 1.000 1.000 0.964 0.945 0.949 0.951 0.943 0.932 0.925 0.954 0.959 0.953 0.946 0.954 0.954 0.941 0.949 0.961 0.965 0.942 0.947 0.963 0.972 0.975 0.971 0.977 0.970 0.954 0.925 0.900 0.911 0.939 0.942 0.946 0.956 0.947 0.895 0.905 0.903 0.914 0.939 0.949 0.954 0.956 0.956
1.000 1.000 1.000 1.000 1.000 1.000 1.000 1.000 1.000 1.000 1.000 1.000 1.000 1.000 1.000 1.000 1.000 1.000 1.000 1.000 1.000 1.000 1.000 1.000 1.000 1.000 1.000 1.000 1.000 1.000 1.000 1.000 1.000 1.000 1.000 1.000 1.000 0.970 0.952 0.953 0.952 0.963 0.968 0.969 0.962 0.947 0.957 0.946 0.933 0.955 0.970 0.971 0.967 0.965 0.972 0.974 0.976 0.972 0.979 0.979 0.976 0.940 0.915 0.919 0.951 0.946 0.957 0.961 0.924 0.896 0.896 0.899 0.930 0.943 0.950 0.954 0.957
1.000 1.000 1.000 1.000 1.000 1.000 1.000 1.000 1.000 1.000 1.000 1.000 1.000 1.000 1.000 1.000 1.000 1.000 1.000 1.000 1.000 1.000 1.000 1.000 1.000 1.000 1.000 1.000 1.000 1.000 1.000 1.000 1.000 1.000 1.000 1.000 1.000 1.000 0.971 0.957 0.963 0.965 0.965 0.975 0.978 0.949 0.951 0.952 0.936 0.940 0.961 0.967 0.971 0.964 0.968 0.971 0.969 0.967 0.964 0.980 0.976 0.972 0.965 0.912 0.939 0.948 0.952 0.959 0.956 0.891 0.888 0.908 0.914 0.936 0.946 0.952 0.956
1.000 1.000 1.000 1.000 1.000 1.000 1.000 1.000 1.000 1.000 1.000 1.000 1.000 1.000 1.000 1.000 1.000 1.000 1.000 1.000 1.000 1.000 1.000 1.000 1.000 1.000 1.000 1.000 1.000 1.000 1.000 1.000 1.000 1.000 1.000 1.000 1.000 1.000 1.000 0.976 0.972 0.972 0.965 0.978 0.979 0.961 0.929 0.955 0.954 0.921 0.949 0.960 0.964 0.966 0.968 0.969 0.972 0.971 0.970 0.967 0.979 0.976 0.967 0.936 0.934 0.934 0.942 0.959 0.964 0.920 0.871 0.869 0.896 0.921 0.939 0.947 0.954
1.000 1.000 1.000 1.000 1.000 1.000 1.000 1.000 1.000 1.000 1.000 1.000 1.000 1.000 1.000 1.000 1.000 1.000 1.000 1.000 1.000 1.000 1.000 1.000 1.000 1.000 1.000 1.000 1.000 1.000 1.000 1.000 1.000 1.000 1.000 1.000 1.000 1.000 1.000 1.000 0.980 0.977 0.969 0.978 0.978 0.979 0.944 0.950 0.947 0.934 0.930 0.956 0.962 0.965 0.967 0.964 0.969 0.972 0.972 0.974 0.977 0.981 0.974 0.933 0.956 0.928 0.929 0.948 0.959 0.957 0.898 0.844 0.884 0.902 0.931 0.943 0.952
1.000 1.000 1.000 1.000 1.000 1.000 1.000 1.000 1.000 1.000 1.000 1.000 1.000 1.000 1.000 1.000 1.000 1.000 1.000 1.000 1.000 1.000 1.000 1.000 1.000 1.000 1.000 1.000 1.000 1.000 1.000 1.000 1.000 1.000 1.000 1.000 1.000 1.000 1.000 1.000 1.000 0.987 0.984 0.984 0.986 0.984 0.979 0.969 0.966 0.934 0.935 0.948 0.963 0.965 0.964 0.962 0.970 0.972 0.975 0.977 0.977 0.980 0.977 0.927 0.959 0.943 0.943 0.939 0.944 0.957 0.950 0.886 0.855 0.867 0.917 0.938 0.946
1.000 1.000 1.000 1.000 1.000 1.000 1.000 1.000 1.000 1.000 1.000 1.000 1.000 1.000 1.000 1.000 1.000 1.000 1.000 1.000 1.000 1.000 1.000 1.000 1.000 1.000 1.000 1.000 1.000 1.000 1.000 1.000 1.000 1.000 1.000 1.000 1.000 1.000 1.000 1.000 1.000 1.000 1.000 0.990 0.986 0.989 0.982 0.977 0.962 0.935 0.943 0.949 0.962 0.966 0.967 0.966 0.970 0.974 0.975 0.977 0.979 0.980 0.982 0.982 0.983 0.969 0.957 0.938 0.918 0.942 0.953 0.888 0.864 0.861 0.902 0.931 0.943
