modules/data/openamundsen/svf_uppereastriver_50.asc
ncols        280
nrows        337
xllcorner    322550.000000000000
yllcorner    4305600.000000000000
cellsize     50.000000000000
[rows 68 to 101 of 337, columns 154 to 230 of 280]
0.874 0.842 0.770 0.799 0.841 0.806 0.789 0.786 0.824 0.866 0.943 0.837 0.788 0.835 0.842 0.882 0.911 0.850 0.956 0.940 0.941 0.964 0.965 0.960 0.960 0.898 0.897 0.929 0.913 0.904 0.918 0.916 0.907 0.895 0.869 0.874 0.856 0.868 0.832 0.888 0.931 0.924 0.879 0.849 0.808 0.835 0.823 0.886 0.816 0.865 0.862 0.841 0.850 0.873 0.885 0.983 1.000 1.000 1.000 1.000 1.000 1.000 1.000 1.000 1.000 1.000 1.000 1.000 1.000 1.000 1.000 1.000 1.000 1.000 1.000 1.000 1.000
0.890 0.902 0.850 0.832 0.846 0.833 0.832 0.839 0.820 0.827 0.930 0.953 0.763 0.810 0.839 0.892 0.908 0.864 0.943 0.963 0.937 0.960 0.968 0.957 0.952 0.919 0.927 0.938 0.932 0.929 0.926 0.921 0.914 0.905 0.894 0.901 0.881 0.888 0.866 0.857 0.881 0.835 0.779 0.798 0.814 0.865 0.819 0.841 0.788 0.875 0.864 0.860 0.851 0.850 0.817 0.860 0.980 0.997 1.000 1.000 1.000 1.000 1.000 1.000 1.000 1.000 1.000 1.000 1.000 1.000 1.000 1.000 1.000 1.000 1.000 1.000 1.000
0.883 0.879 0.887 0.882 0.856 0.864 0.858 0.856 0.831 0.820 0.900 0.965 0.950 0.806 0.849 0.905 0.915 0.925 0.932 0.944 0.943 0.916 0.917 0.926 0.935 0.897 0.929 0.936 0.936 0.936 0.932 0.932 0.928 0.916 0.921 0.911 0.889 0.912 0.880 0.872 0.883 0.846 0.806 0.811 0.827 0.826 0.829 0.850 0.838 0.860 0.868 0.861 0.851 0.861 0.846 0.867 0.834 0.822 0.988 1.000 1.000 1.000 1.000 1.000 1.000 1.000 1.000 1.000 1.000 1.000 1.000 1.000 1.000 1.000 1.000 1.000 1.000
0.907 0.804 0.789 0.791 0.791 0.858 0.871 0.840 0.843 0.806 0.819 0.930 0.881 0.765 0.834 0.904 0.887 0.911 0.944 0.945 0.919 0.835 0.873 0.859 0.872 0.886 0.916 0.928 0.920 0.930 0.916 0.936 0.930 0.932 0.931 0.925 0.908 0.921 0.897 0.917 0.906 0.843 0.828 0.834 0.852 0.847 0.868 0.859 0.862 0.860 0.873 0.859 0.879 0.874 0.848 0.852 0.852 0.816 0.901 0.939 0.997 1.000 1.000 1.000 1.000 1.000 1.000 1.000 1.000 1.000 1.000 1.000 1.000 1.000 1.000 1.000 1.000
0.798 0.841 0.818 0.821 0.824 0.862 0.870 0.867 0.848 0.843 0.850 0.894 0.936 0.826 0.869 0.915 0.930 0.893 0.912 0.923 0.875 0.872 0.882 0.858 0.905 0.903 0.915 0.928 0.932 0.806 0.939 0.940 0.936 0.937 0.938 0.933 0.930 0.895 0.882 0.853 0.852 0.856 0.850 0.849 0.858 0.858 0.840 0.851 0.861 0.870 0.882 0.857 0.887 0.889 0.873 0.869 0.859 0.844 0.856 0.843 0.914 0.996 1.000 1.000 1.000 1.000 1.000 1.000 1.000 1.000 1.000 1.000 1.000 1.000 1.000 1.000 1.000
0.802 0.803 0.811 0.825 0.817 0.823 0.831 0.844 0.863 0.879 0.871 0.870 0.918 0.876 0.890 0.926 0.938 0.933 0.873 0.919 0.875 0.881 0.886 0.859 0.867 0.900 0.899 0.927 0.933 0.805 0.938 0.942 0.939 0.943 0.941 0.937 0.932 0.897 0.894 0.882 0.863 0.865 0.850 0.861 0.865 0.867 0.857 0.864 0.832 0.822 0.852 0.842 0.866 0.882 0.881 0.880 0.874 0.861 0.854 0.839 0.834 0.926 0.995 1.000 1.000 1.000 1.000 1.000 1.000 1.000 1.000 1.000 1.000 1.000 1.000 1.000 1.000
0.823 0.835 0.836 0.832 0.830 0.823 0.823 0.826 0.829 0.839 0.835 0.886 0.911 0.895 0.897 0.924 0.935 0.936 0.899 0.890 0.902 0.888 0.894 0.890 0.898 0.903 0.911 0.928 0.918 0.833 0.939 0.940 0.944 0.946 0.942 0.937 0.931 0.928 0.919 0.906 0.892 0.881 0.863 0.862 0.872 0.873 0.861 0.874 0.837 0.833 0.856 0.854 0.850 0.850 0.862 0.889 0.892 0.877 0.862 0.833 0.847 0.855 0.917 0.992 1.000 1.000 1.000 1.000 1.000 1.000 1.000 1.000 1.000 1.000 1.000 1.000 1.000
0.834 0.839 0.841 0.839 0.839 0.832 0.830 0.849 0.838 0.833 0.837 0.897 0.912 0.907 0.900 0.902 0.913 0.917 0.901 0.898 0.911 0.897 0.910 0.908 0.909 0.911 0.916 0.924 0.884 0.898 0.924 0.940 0.945 0.947 0.944 0.941 0.935 0.935 0.925 0.915 0.903 0.894 0.883 0.868 0.876 0.875 0.856 0.877 0.864 0.867 0.872 0.869 0.866 0.856 0.861 0.881 0.881 0.889 0.890 0.869 0.849 0.857 0.904 0.913 0.971 0.991 1.000 1.000 1.000 1.000 1.000 1.000 1.000 1.000 1.000 1.000 1.000
0.832 0.845 0.840 0.835 0.828 0.831 0.833 0.850 0.853 0.858 0.849 0.910 0.916 0.917 0.922 0.906 0.901 0.915 0.914 0.918 0.890 0.895 0.912 0.911 0.909 0.912 0.912 0.914 0.861 0.920 0.917 0.936 0.943 0.945 0.942 0.941 0.940 0.933 0.926 0.922 0.909 0.898 0.884 0.886 0.880 0.873 0.874 0.878 0.867 0.873 0.876 0.874 0.868 0.863 0.852 0.870 0.854 0.858 0.895 0.884 0.864 0.846 0.836 0.841 0.769 0.969 0.951 0.996 1.000 1.000 1.000 1.000 1.000 1.000 1.000 1.000 1.000
0.832 0.836 0.834 0.798 0.821 0.835 0.843 0.846 0.856 0.867 0.874 0.914 0.926 0.928 0.866 0.877 0.917 0.927 0.930 0.921 0.899 0.893 0.913 0.903 0.909 0.915 0.917 0.915 0.882 0.919 0.925 0.934 0.942 0.946 0.945 0.944 0.942 0.935 0.919 0.906 0.882 0.898 0.895 0.893 0.891 0.890 0.887 0.883 0.877 0.876 0.877 0.880 0.876 0.863 0.872 0.880 0.884 0.871 0.887 0.896 0.879 0.861 0.849 0.833 0.807 0.837 0.903 0.945 0.995 1.000 1.000 1.000 1.000 1.000 1.000 1.000 1.000
0.838 0.850 0.836 0.829 0.835 0.841 0.854 0.853 0.846 0.870 0.887 0.912 0.927 0.907 0.843 0.888 0.925 0.929 0.935 0.930 0.912 0.892 0.908 0.903 0.916 0.920 0.920 0.897 0.925 0.930 0.937 0.933 0.943 0.945 0.945 0.937 0.941 0.937 0.916 0.919 0.913 0.910 0.906 0.902 0.896 0.893 0.892 0.889 0.885 0.881 0.883 0.882 0.883 0.881 0.870 0.861 0.880 0.883 0.893 0.906 0.891 0.875 0.860 0.838 0.836 0.848 0.849 0.895 0.923 0.918 0.996 1.000 1.000 1.000 1.000 1.000 1.000
0.840 0.832 0.830 0.802 0.820 0.836 0.853 0.860 0.859 0.860 0.875 0.883 0.856 0.855 0.847 0.868 0.912 0.930 0.932 0.935 0.919 0.908 0.867 0.891 0.904 0.912 0.890 0.923 0.916 0.933 0.937 0.936 0.935 0.940 0.931 0.940 0.937 0.903 0.891 0.918 0.918 0.914 0.908 0.908 0.901 0.899 0.895 0.883 0.872 0.873 0.892 0.892 0.885 0.889 0.883 0.859 0.888 0.889 0.887 0.897 0.851 0.849 0.860 0.866 0.857 0.858 0.865 0.844 0.844 0.837 0.912 0.994 1.000 1.000 1.000 1.000 1.000
0.855 0.864 0.831 0.794 0.813 0.838 0.848 0.859 0.867 0.872 0.873 0.897 0.903 0.904 0.894 0.892 0.889 0.905 0.930 0.938 0.929 0.907 0.863 0.898 0.911 0.918 0.918 0.889 0.907 0.933 0.931 0.938 0.935 0.925 0.937 0.926 0.904 0.886 0.917 0.919 0.920 0.917 0.914 0.909 0.905 0.901 0.899 0.870 0.908 0.901 0.905 0.901 0.900 0.899 0.891 0.887 0.864 0.879 0.877 0.812 0.855 0.869 0.879 0.862 0.885 0.871 0.871 0.865 0.854 0.830 0.859 0.900 0.968 0.993 0.959 0.967 0.956
0.866 0.869 0.875 0.818 0.799 0.836 0.863 0.865 0.876 0.886 0.871 0.907 0.914 0.918 0.915 0.915 0.905 0.901 0.905 0.938 0.929 0.906 0.880 0.895 0.912 0.922 0.921 0.909 0.884 0.932 0.928 0.932 0.929 0.932 0.921 0.920 0.909 0.918 0.918 0.921 0.921 0.919 0.914 0.910 0.908 0.904 0.894 0.901 0.911 0.911 0.913 0.908 0.904 0.900 0.895 0.894 0.889 0.875 0.878 0.869 0.877 0.886 0.882 0.848 0.826 0.879 0.857 0.862 0.886 0.879 0.862 0.869 0.904 0.883 0.864 0.857 0.849
0.862 0.861 0.851 0.885 0.803 0.849 0.858 0.872 0.883 0.888 0.873 0.903 0.913 0.925 0.920 0.923 0.920 0.913 0.906 0.924 0.933 0.935 0.919 0.885 0.907 0.915 0.918 0.917 0.921 0.924 0.929 0.922 0.921 0.924 0.932 0.923 0.917 0.916 0.916 0.917 0.920 0.918 0.914 0.911 0.905 0.901 0.898 0.893 0.886 0.915 0.917 0.912 0.909 0.907 0.902 0.904 0.898 0.893 0.890 0.881 0.853 0.873 0.881 0.876 0.855 0.855 0.868 0.866 0.879 0.918 0.884 0.876 0.899 0.892 0.886 0.888 0.895
0.922 0.915 0.845 0.865 0.796 0.840 0.860 0.872 0.879 0.885 0.887 0.896 0.902 0.920 0.917 0.922 0.926 0.917 0.901 0.929 0.937 0.934 0.856 0.858 0.892 0.917 0.916 0.920 0.924 0.925 0.928 0.926 0.904 0.911 0.924 0.920 0.913 0.909 0.909 0.902 0.921 0.918 0.912 0.908 0.907 0.902 0.894 0.889 0.843 0.844 0.906 0.913 0.911 0.910 0.905 0.901 0.897 0.893 0.890 0.884 0.874 0.867 0.871 0.884 0.878 0.868 0.868 0.851 0.862 0.896 0.887 0.897 0.919 0.918 0.886 0.877 0.885
0.926 0.830 0.831 0.850 0.848 0.870 0.877 0.858 0.878 0.888 0.894 0.907 0.911 0.920 0.925 0.926 0.930 0.924 0.917 0.916 0.937 0.904 0.867 0.886 0.900 0.914 0.919 0.923 0.925 0.925 0.926 0.928 0.924 0.923 0.925 0.916 0.913 0.912 0.910 0.909 0.912 0.916 0.910 0.905 0.898 0.891 0.888 0.886 0.867 0.910 0.916 0.914 0.906 0.900 0.895 0.898 0.897 0.893 0.891 0.886 0.880 0.879 0.863 0.877 0.880 0.864 0.869 0.868 0.849 0.831 0.917 0.909 0.942 0.941 0.908 0.911 0.905
0.813 0.815 0.833 0.858 0.861 0.874 0.879 0.862 0.871 0.880 0.894 0.906 0.914 0.921 0.924 0.926 0.929 0.928 0.925 0.913 0.913 0.898 0.896 0.907 0.902 0.915 0.918 0.920 0.923 0.923 0.925 0.927 0.926 0.926 0.923 0.912 0.914 0.909 0.907 0.908 0.908 0.900 0.897 0.895 0.885 0.884 0.871 0.874 0.873 0.888 0.917 0.920 0.914 0.912 0.908 0.896 0.906 0.902 0.898 0.886 0.873 0.869 0.878 0.878 0.861 0.879 0.873 0.868 0.864 0.837 0.888 0.918 0.918 0.954 0.949 0.935 0.940
0.837 0.855 0.854 0.865 0.870 0.874 0.874 0.862 0.869 0.877 0.890 0.903 0.913 0.921 0.925 0.926 0.928 0.926 0.920 0.924 0.926 0.929 0.918 0.888 0.900 0.915 0.918 0.919 0.920 0.916 0.900 0.910 0.916 0.920 0.905 0.911 0.912 0.905 0.904 0.900 0.903 0.896 0.886 0.884 0.878 0.871 0.869 0.877 0.883 0.875 0.913 0.914 0.915 0.910 0.912 0.907 0.905 0.904 0.904 0.897 0.895 0.899 0.893 0.886 0.878 0.871 0.881 0.880 0.870 0.849 0.855 0.882 0.913 0.924 0.949 0.949 0.948
0.865 0.869 0.863 0.866 0.843 0.862 0.858 0.864 0.865 0.872 0.884 0.901 0.910 0.919 0.926 0.926 0.922 0.916 0.918 0.924 0.930 0.932 0.883 0.884 0.906 0.914 0.918 0.920 0.923 0.918 0.914 0.909 0.916 0.905 0.903 0.910 0.905 0.901 0.900 0.896 0.895 0.887 0.876 0.870 0.867 0.865 0.840 0.850 0.865 0.889 0.897 0.904 0.907 0.905 0.896 0.899 0.900 0.899 0.898 0.898 0.898 0.900 0.898 0.901 0.902 0.890 0.882 0.866 0.873 0.874 0.870 0.859 0.888 0.908 0.866 0.908 0.950
0.864 0.840 0.840 0.839 0.849 0.861 0.860 0.834 0.828 0.840 0.861 0.893 0.912 0.920 0.927 0.930 0.928 0.906 0.907 0.921 0.930 0.934 0.901 0.905 0.914 0.916 0.917 0.922 0.920 0.908 0.909 0.905 0.905 0.903 0.905 0.899 0.901 0.896 0.895 0.886 0.875 0.860 0.851 0.842 0.864 0.863 0.852 0.875 0.868 0.873 0.883 0.891 0.895 0.897 0.895 0.900 0.893 0.896 0.903 0.898 0.897 0.902 0.904 0.905 0.905 0.900 0.896 0.880 0.888 0.880 0.866 0.847 0.865 0.888 0.881 0.903 0.944
0.875 0.843 0.842 0.849 0.852 0.846 0.867 0.840 0.848 0.858 0.826 0.863 0.899 0.918 0.929 0.935 0.935 0.894 0.881 0.907 0.929 0.932 0.910 0.896 0.919 0.916 0.919 0.920 0.919 0.909 0.907 0.904 0.904 0.900 0.898 0.897 0.893 0.886 0.873 0.857 0.864 0.861 0.855 0.850 0.858 0.860 0.858 0.866 0.862 0.857 0.866 0.855 0.864 0.866 0.847 0.894 0.889 0.880 0.897 0.893 0.897 0.901 0.903 0.905 0.902 0.903 0.905 0.894 0.893 0.894 0.896 0.887 0.883 0.909 0.892 0.864 0.930
0.879 0.861 0.840 0.845 0.852 0.863 0.884 0.883 0.873 0.890 0.861 0.843 0.884 0.916 0.918 0.936 0.939 0.934 0.885 0.909 0.929 0.932 0.922 0.899 0.911 0.913 0.918 0.919 0.914 0.906 0.903 0.900 0.897 0.895 0.893 0.890 0.886 0.866 0.861 0.886 0.886 0.886 0.857 0.861 0.861 0.856 0.843 0.858 0.853 0.837 0.863 0.852 0.877 0.873 0.844 0.888 0.899 0.905 0.913 0.890 0.883 0.908 0.904 0.901 0.899 0.905 0.909 0.891 0.903 0.910 0.907 0.903 0.883 0.918 0.902 0.871 0.905
0.867 0.870 0.843 0.840 0.852 0.867 0.873 0.878 0.827 0.901 0.897 0.862 0.905 0.908 0.907 0.900 0.940 0.940 0.894 0.917 0.921 0.896 0.888 0.894 0.901 0.912 0.918 0.916 0.911 0.906 0.901 0.896 0.890 0.884 0.881 0.883 0.872 0.852 0.852 0.881 0.880 0.867 0.863 0.862 0.843 0.853 0.839 0.837 0.834 0.821 0.853 0.842 0.845 0.862 0.831 0.867 0.890 0.896 0.911 0.909 0.904 0.894 0.899 0.900 0.897 0.897 0.902 0.886 0.922 0.925 0.912 0.905 0.887 0.887 0.888 0.884 0.883
0.853 0.859 0.851 0.859 0.857 0.865 0.846 0.876 0.927 0.805 0.842 0.859 0.890 0.915 0.923 0.901 0.931 0.933 0.879 0.857 0.872 0.866 0.881 0.904 0.909 0.915 0.917 0.914 0.897 0.854 0.890 0.887 0.882 0.875 0.875 0.873 0.864 0.858 0.858 0.875 0.871 0.853 0.826 0.812 0.828 0.807 0.805 0.803 0.788 0.775 0.804 0.809 0.811 0.846 0.836 0.886 0.893 0.915 0.911 0.905 0.904 0.893 0.892 0.897 0.896 0.899 0.902 0.900 0.920 0.921 0.913 0.904 0.904 0.899 0.887 0.870 0.858
0.797 0.829 0.833 0.849 0.837 0.834 0.844 0.895 0.928 0.785 0.846 0.863 0.883 0.907 0.921 0.915 0.924 0.894 0.871 0.849 0.874 0.877 0.901 0.911 0.911 0.914 0.915 0.900 0.895 0.881 0.889 0.882 0.879 0.871 0.862 0.868 0.868 0.841 0.833 0.858 0.851 0.823 0.795 0.718 0.774 0.714 0.779 0.738 0.728 0.796 0.806 0.798 0.748 0.841 0.843 0.885 0.906 0.911 0.907 0.903 0.903 0.892 0.885 0.894 0.894 0.900 0.899 0.895 0.911 0.920 0.924 0.917 0.909 0.904 0.880 0.869 0.852
0.714 0.751 0.795 0.781 0.762 0.820 0.928 0.925 0.874 0.779 0.833 0.850 0.874 0.890 0.901 0.905 0.906 0.881 0.872 0.866 0.876 0.890 0.904 0.910 0.913 0.912 0.909 0.899 0.897 0.881 0.885 0.877 0.871 0.866 0.859 0.853 0.839 0.817 0.865 0.869 0.839 0.807 0.754 0.670 0.890 0.856 0.830 0.886 0.852 0.863 0.872 0.925 0.802 0.821 0.861 0.879 0.899 0.896 0.897 0.903 0.881 0.882 0.880 0.896 0.897 0.900 0.903 0.894 0.902 0.911 0.918 0.914 0.905 0.888 0.875 0.858 0.846
0.911 0.704 0.767 0.795 0.823 0.890 0.935 0.906 0.831 0.767 0.821 0.835 0.856 0.872 0.879 0.903 0.833 0.891 0.863 0.881 0.890 0.895 0.901 0.901 0.911 0.909 0.898 0.895 0.893 0.877 0.880 0.873 0.870 0.866 0.865 0.865 0.851 0.829 0.834 0.854 0.826 0.788 0.706 0.825 0.837 0.904 0.785 0.862 0.873 0.852 0.901 0.911 0.837 0.833 0.862 0.861 0.882 0.888 0.894 0.901 0.892 0.895 0.891 0.893 0.900 0.899 0.902 0.897 0.899 0.899 0.908 0.919 0.914 0.904 0.890 0.874 0.865
0.984 0.961 0.883 0.884 0.953 0.950 0.937 0.892 0.873 0.824 0.821 0.856 0.849 0.871 0.876 0.878 0.875 0.905 0.878 0.889 0.898 0.891 0.902 0.900 0.911 0.909 0.897 0.895 0.891 0.876 0.872 0.864 0.867 0.863 0.859 0.858 0.853 0.844 0.830 0.815 0.818 0.751 0.826 0.880 0.854 0.829 0.874 0.819 0.892 0.859 0.939 0.825 0.819 0.833 0.859 0.880 0.855 0.880 0.893 0.888 0.892 0.898 0.892 0.897 0.898 0.902 0.902 0.898 0.903 0.895 0.894 0.918 0.917 0.907 0.889 0.879 0.876
0.938 0.987 0.983 0.959 0.924 0.955 0.943 0.892 0.859 0.880 0.847 0.873 0.851 0.856 0.868 0.878 0.890 0.868 0.880 0.896 0.890 0.896 0.900 0.904 0.906 0.900 0.892 0.890 0.885 0.871 0.867 0.854 0.851 0.845 0.844 0.846 0.835 0.826 0.822 0.793 0.800 0.750 0.853 0.863 0.837 0.891 0.901 0.898 0.872 0.891 0.885 0.821 0.803 0.831 0.852 0.855 0.844 0.871 0.882 0.888 0.887 0.893 0.894 0.897 0.899 0.902 0.901 0.898 0.901 0.898 0.915 0.920 0.916 0.907 0.899 0.885 0.880
0.934 0.925 0.916 0.946 0.861 0.838 0.895 0.856 0.840 0.837 0.804 0.851 0.864 0.845 0.863 0.859 0.878 0.845 0.886 0.876 0.883 0.894 0.896 0.899 0.898 0.883 0.894 0.879 0.871 0.867 0.868 0.866 0.858 0.844 0.815 0.801 0.769 0.801 0.791 0.781 0.749 0.700 0.700 0.837 0.887 0.862 0.872 0.875 0.880 0.976 0.810 0.819 0.789 0.801 0.803 0.779 0.837 0.847 0.870 0.881 0.886 0.886 0.890 0.893 0.897 0.901 0.902 0.904 0.907 0.907 0.912 0.915 0.915 0.912 0.901 0.883 0.873
0.930 0.905 0.882 0.944 0.932 0.827 0.804 0.891 0.909 0.911 0.863 0.813 0.837 0.851 0.865 0.866 0.881 0.877 0.872 0.869 0.880 0.894 0.897 0.898 0.895 0.885 0.873 0.878 0.869 0.875 0.866 0.866 0.867 0.862 0.828 0.790 0.787 0.768 0.792 0.766 0.692 0.804 0.795 0.794 0.768 0.842 0.847 0.861 0.862 0.983 0.867 0.806 0.795 0.849 0.860 0.727 0.788 0.840 0.844 0.873 0.883 0.888 0.889 0.892 0.895 0.900 0.901 0.903 0.906 0.910 0.912 0.913 0.913 0.915 0.905 0.886 0.875
0.922 0.858 0.831 0.938 0.959 0.895 0.891 0.808 0.837 0.912 0.879 0.797 0.826 0.824 0.857 0.874 0.877 0.872 0.879 0.881 0.886 0.892 0.894 0.896 0.893 0.878 0.882 0.875 0.875 0.861 0.848 0.843 0.841 0.837 0.833 0.823 0.792 0.810 0.820 0.836 0.820 0.807 0.846 0.828 0.848 0.786 0.768 0.822 0.844 0.963 0.927 0.865 0.899 0.871 0.843 0.866 0.787 0.853 0.828 0.849 0.866 0.871 0.886 0.892 0.896 0.899 0.900 0.902 0.906 0.895 0.901 0.911 0.914 0.915 0.905 0.882 0.872
0.908 0.857 0.817 0.905 0.943 0.831 0.883 0.732 0.768 0.837 0.859 0.844 0.835 0.837 0.822 0.864 0.876 0.881 0.880 0.880 0.888 0.896 0.897 0.898 0.888 0.887 0.880 0.866 0.876 0.860 0.859 0.837 0.819 0.825 0.800 0.827 0.768 0.726 0.830 0.879 0.887 0.883 0.871 0.849 0.854 0.883 0.837 0.824 0.804 0.940 0.995 0.974 0.932 0.913 0.858 0.854 0.754 0.848 0.847 0.840 0.848 0.874 0.880 0.889 0.894 0.898 0.898 0.896 0.897 0.895 0.895 0.899 0.901 0.905 0.903 0.874 0.887
