modules/data/openamundsen/svf_uppereastriver_50.asc
ncols        655
nrows        836
xllcorner    315950.000000000000
yllcorner    4280850.000000000000
cellsize     50.000000000000
[rows 782 to 815 of 836, columns 308 to 384 of 655]
0.943 0.970 0.983 0.990 0.989 0.988 0.991 0.992 0.988 0.988 0.989 0.987 0.988 0.986 0.980 0.964 0.954 0.962 0.964 0.961 0.969 0.972 0.975 0.974 0.973 0.969 0.967 0.976 0.976 0.977 0.977 0.978 0.979 0.959 0.974 0.977 0.978 0.978 0.975 0.992 0.991 0.984 0.992 0.996 0.988 0.967 0.973 0.982 0.988 0.988 0.984 0.982 0.985 0.978 0.973 0.973 0.971 0.958 0.961 0.976 0.994 0.993 0.988 0.998 0.997 0.998 0.997 0.996 0.996 0.997 0.995 0.997 0.997 0.996 0.992 0.934 0.935
0.955 0.988 0.991 0.989 0.990 0.989 0.993 0.992 0.989 0.988 0.974 0.967 0.943 0.978 0.976 0.970 0.971 0.970 0.972 0.977 0.978 0.975 0.976 0.976 0.976 0.976 0.975 0.958 0.970 0.979 0.976 0.979 0.980 0.976 0.970 0.968 0.974 0.975 0.984 0.992 0.990 0.994 0.995 0.987 0.977 0.989 0.992 0.992 0.994 0.993 0.989 0.986 0.982 0.985 0.986 0.982 0.982 0.979 0.970 0.958 0.957 0.955 0.956 0.964 0.982 0.995 0.996 0.996 0.996 0.996 0.996 0.996 0.997 0.996 0.965 0.945 0.952
0.971 0.990 0.990 0.989 0.990 0.988 0.992 0.991 0.986 0.959 0.951 0.969 0.964 0.975 0.979 0.975 0.972 0.976 0.977 0.978 0.979 0.980 0.980 0.978 0.977 0.977 0.971 0.968 0.981 0.982 0.982 0.982 0.981 0.974 0.966 0.954 0.957 0.968 0.974 0.985 0.989 0.995 0.990 0.977 0.991 0.990 0.991 0.991 0.994 0.989 0.989 0.982 0.981 0.979 0.987 0.985 0.984 0.986 0.983 0.978 0.973 0.969 0.967 0.961 0.937 0.934 0.993 0.996 0.997 0.997 0.997 0.997 0.997 0.986 0.951 0.960 0.968
0.977 0.984 0.979 0.984 0.988 0.981 0.975 0.979 0.970 0.972 0.978 0.978 0.965 0.976 0.979 0.982 0.980 0.981 0.981 0.982 0.982 0.980 0.980 0.978 0.977 0.975 0.968 0.955 0.970 0.964 0.971 0.976 0.978 0.975 0.966 0.955 0.953 0.973 0.984 0.991 0.988 0.989 0.991 0.990 0.991 0.988 0.987 0.977 0.985 0.991 0.993 0.982 0.982 0.965 0.987 0.987 0.988 0.987 0.984 0.984 0.984 0.978 0.970 0.969 0.976 0.963 0.950 0.990 0.996 0.997 0.997 0.997 0.997 0.980 0.951 0.967 0.971
0.967 0.975 0.970 0.964 0.976 0.977 0.976 0.974 0.969 0.978 0.979 0.983 0.982 0.983 0.982 0.982 0.983 0.984 0.983 0.981 0.982 0.979 0.979 0.975 0.973 0.970 0.965 0.958 0.962 0.967 0.976 0.981 0.982 0.980 0.973 0.955 0.945 0.971 0.982 0.993 0.995 0.995 0.993 0.992 0.992 0.992 0.992 0.991 0.992 0.992 0.988 0.984 0.984 0.979 0.983 0.986 0.989 0.987 0.985 0.984 0.986 0.984 0.981 0.977 0.974 0.976 0.971 0.974 0.987 0.996 0.997 0.997 0.997 0.979 0.960 0.966 0.974
0.977 0.974 0.972 0.979 0.986 0.983 0.980 0.980 0.980 0.983 0.984 0.984 0.986 0.986 0.985 0.985 0.984 0.984 0.983 0.984 0.982 0.981 0.978 0.978 0.977 0.973 0.968 0.968 0.976 0.977 0.984 0.986 0.985 0.981 0.966 0.946 0.940 0.967 0.987 0.994 0.988 0.988 0.992 0.994 0.994 0.992 0.992 0.987 0.990 0.993 0.990 0.987 0.987 0.985 0.986 0.988 0.990 0.989 0.988 0.986 0.983 0.984 0.986 0.984 0.980 0.980 0.983 0.985 0.978 0.994 0.998 0.998 0.997 0.983 0.970 0.977 0.977
0.982 0.985 0.984 0.984 0.985 0.986 0.987 0.987 0.987 0.986 0.987 0.988 0.988 0.987 0.987 0.987 0.986 0.987 0.985 0.984 0.983 0.980 0.979 0.979 0.976 0.973 0.973 0.974 0.980 0.977 0.986 0.988 0.985 0.971 0.960 0.944 0.936 0.959 0.986 0.992 0.966 0.981 0.994 0.995 0.994 0.993 0.994 0.992 0.988 0.991 0.989 0.990 0.991 0.989 0.981 0.988 0.987 0.990 0.989 0.986 0.983 0.983 0.984 0.986 0.987 0.982 0.983 0.984 0.984 0.982 0.997 0.998 0.997 0.985 0.980 0.978 0.977
0.975 0.985 0.990 0.989 0.989 0.990 0.989 0.989 0.989 0.989 0.990 0.989 0.989 0.988 0.988 0.988 0.987 0.987 0.986 0.984 0.983 0.981 0.980 0.979 0.976 0.975 0.972 0.975 0.978 0.983 0.988 0.978 0.971 0.974 0.964 0.952 0.954 0.976 0.983 0.981 0.966 0.979 0.986 0.992 0.994 0.994 0.994 0.992 0.991 0.989 0.987 0.986 0.988 0.989 0.987 0.984 0.985 0.990 0.988 0.979 0.987 0.987 0.985 0.985 0.989 0.982 0.981 0.981 0.979 0.982 0.994 0.997 0.998 0.988 0.985 0.968 0.975
0.986 0.991 0.992 0.992 0.992 0.991 0.991 0.992 0.991 0.991 0.991 0.990 0.990 0.989 0.988 0.988 0.988 0.987 0.986 0.985 0.984 0.982 0.980 0.979 0.978 0.976 0.973 0.976 0.978 0.982 0.971 0.954 0.964 0.976 0.966 0.955 0.958 0.982 0.984 0.982 0.961 0.955 0.980 0.990 0.990 0.995 0.994 0.994 0.993 0.993 0.993 0.991 0.991 0.991 0.989 0.982 0.982 0.991 0.987 0.984 0.988 0.989 0.988 0.987 0.988 0.985 0.983 0.985 0.983 0.980 0.991 0.997 0.998 0.995 0.989 0.964 0.978
0.990 0.992 0.993 0.993 0.992 0.992 0.992 0.992 0.991 0.989 0.991 0.991 0.991 0.989 0.989 0.989 0.989 0.987 0.987 0.986 0.984 0.982 0.981 0.980 0.977 0.974 0.969 0.974 0.981 0.977 0.962 0.961 0.963 0.967 0.969 0.948 0.957 0.955 0.945 0.966 0.929 0.939 0.944 0.970 0.979 0.985 0.994 0.994 0.994 0.994 0.993 0.992 0.991 0.991 0.989 0.990 0.985 0.988 0.987 0.990 0.990 0.988 0.988 0.987 0.986 0.987 0.985 0.984 0.984 0.979 0.991 0.996 0.997 0.996 0.993 0.966 0.976
0.991 0.992 0.993 0.993 0.993 0.992 0.992 0.992 0.991 0.992 0.991 0.991 0.990 0.989 0.990 0.989 0.989 0.988 0.987 0.986 0.977 0.976 0.975 0.969 0.974 0.972 0.974 0.977 0.975 0.971 0.968 0.971 0.970 0.968 0.967 0.947 0.927 0.941 0.945 0.953 0.924 0.930 0.912 0.913 0.927 0.979 0.982 0.985 0.990 0.991 0.994 0.993 0.991 0.991 0.991 0.989 0.987 0.988 0.990 0.990 0.990 0.988 0.989 0.989 0.988 0.988 0.987 0.983 0.979 0.984 0.985 0.998 0.997 0.996 0.994 0.961 0.971
0.992 0.989 0.988 0.992 0.993 0.992 0.992 0.993 0.992 0.992 0.991 0.991 0.990 0.989 0.989 0.990 0.990 0.989 0.988 0.982 0.972 0.967 0.963 0.964 0.969 0.975 0.979 0.976 0.972 0.975 0.976 0.973 0.970 0.957 0.958 0.954 0.950 0.960 0.955 0.952 0.939 0.954 0.952 0.957 0.925 0.967 0.980 0.982 0.980 0.986 0.989 0.991 0.989 0.990 0.991 0.991 0.990 0.981 0.986 0.988 0.990 0.990 0.990 0.989 0.989 0.989 0.988 0.986 0.981 0.984 0.986 0.998 0.997 0.996 0.996 0.977 0.969
0.989 0.990 0.994 0.994 0.993 0.993 0.993 0.993 0.992 0.992 0.992 0.990 0.991 0.990 0.990 0.990 0.988 0.988 0.983 0.972 0.963 0.963 0.967 0.969 0.979 0.983 0.978 0.975 0.976 0.972 0.966 0.955 0.952 0.959 0.961 0.962 0.965 0.965 0.960 0.960 0.961 0.965 0.955 0.964 0.951 0.915 0.967 0.969 0.973 0.985 0.982 0.992 0.991 0.990 0.992 0.991 0.991 0.990 0.987 0.985 0.989 0.990 0.990 0.990 0.990 0.989 0.988 0.985 0.983 0.982 0.984 0.999 0.998 0.998 0.997 0.993 0.970
0.990 0.994 0.994 0.993 0.993 0.994 0.994 0.990 0.992 0.991 0.991 0.992 0.991 0.991 0.991 0.990 0.990 0.985 0.982 0.973 0.970 0.965 0.971 0.965 0.985 0.981 0.976 0.979 0.978 0.979 0.973 0.969 0.966 0.971 0.970 0.960 0.951 0.960 0.961 0.963 0.969 0.970 0.965 0.969 0.969 0.953 0.946 0.924 0.896 0.947 0.976 0.989 0.988 0.981 0.992 0.991 0.992 0.992 0.989 0.976 0.980 0.980 0.989 0.990 0.989 0.989 0.987 0.982 0.975 0.968 0.974 0.999 0.999 0.998 0.998 0.997 0.968
0.990 0.994 0.994 0.994 0.994 0.994 0.988 0.991 0.992 0.992 0.992 0.992 0.992 0.991 0.991 0.990 0.975 0.976 0.980 0.973 0.970 0.960 0.981 0.970 0.985 0.976 0.981 0.982 0.980 0.977 0.976 0.972 0.973 0.965 0.942 0.949 0.945 0.913 0.925 0.950 0.975 0.977 0.968 0.971 0.972 0.962 0.932 0.916 0.899 0.909 0.955 0.984 0.981 0.977 0.991 0.992 0.992 0.993 0.991 0.985 0.984 0.974 0.980 0.986 0.989 0.989 0.987 0.984 0.971 0.945 0.984 0.999 0.998 0.998 0.998 0.998 0.993
0.967 0.990 0.994 0.994 0.994 0.994 0.992 0.993 0.992 0.992 0.992 0.992 0.992 0.991 0.991 0.984 0.971 0.980 0.980 0.979 0.971 0.980 0.981 0.979 0.980 0.976 0.971 0.977 0.975 0.978 0.973 0.978 0.974 0.975 0.977 0.976 0.970 0.988 0.990 0.952 0.967 0.976 0.976 0.974 0.966 0.960 0.959 0.963 0.952 0.909 0.924 0.958 0.969 0.965 0.989 0.992 0.991 0.991 0.988 0.986 0.987 0.980 0.982 0.985 0.985 0.988 0.987 0.984 0.976 0.944 0.995 0.999 0.999 0.999 0.998 0.998 0.998
0.949 0.993 0.994 0.994 0.994 0.994 0.993 0.993 0.993 0.993 0.992 0.992 0.992 0.992 0.990 0.974 0.976 0.982 0.983 0.983 0.982 0.984 0.986 0.985 0.985 0.980 0.975 0.977 0.963 0.975 0.981 0.970 0.967 0.969 0.957 0.956 0.949 0.971 0.991 0.988 0.980 0.977 0.979 0.978 0.974 0.966 0.967 0.972 0.969 0.950 0.921 0.942 0.954 0.970 0.991 0.993 0.993 0.991 0.991 0.990 0.989 0.984 0.978 0.986 0.983 0.988 0.987 0.981 0.980 0.965 0.973 0.995 0.999 0.999 0.999 0.998 0.998
0.969 0.975 0.994 0.994 0.994 0.989 0.993 0.993 0.993 0.993 0.993 0.992 0.992 0.987 0.979 0.971 0.979 0.983 0.985 0.986 0.985 0.985 0.984 0.987 0.985 0.979 0.969 0.966 0.978 0.983 0.982 0.979 0.968 0.965 0.973 0.948 0.912 0.936 0.965 0.973 0.962 0.962 0.967 0.978 0.977 0.975 0.977 0.972 0.966 0.967 0.955 0.933 0.930 0.953 0.985 0.993 0.993 0.992 0.992 0.991 0.990 0.988 0.985 0.986 0.986 0.990 0.988 0.982 0.988 0.984 0.967 0.963 0.990 0.998 0.999 0.999 0.998
0.983 0.975 0.993 0.993 0.987 0.989 0.994 0.994 0.993 0.993 0.992 0.993 0.981 0.972 0.975 0.980 0.981 0.984 0.986 0.985 0.984 0.987 0.983 0.983 0.983 0.981 0.977 0.955 0.945 0.984 0.986 0.984 0.981 0.976 0.975 0.972 0.966 0.957 0.946 0.964 0.970 0.968 0.968 0.977 0.980 0.979 0.980 0.976 0.962 0.966 0.958 0.931 0.923 0.921 0.936 0.977 0.990 0.987 0.985 0.989 0.990 0.988 0.981 0.972 0.973 0.983 0.988 0.985 0.991 0.988 0.974 0.955 0.938 0.930 0.983 0.999 0.998
0.984 0.975 0.994 0.990 0.989 0.993 0.994 0.994 0.994 0.993 0.991 0.986 0.975 0.975 0.979 0.983 0.983 0.983 0.982 0.987 0.987 0.985 0.984 0.983 0.984 0.984 0.976 0.953 0.968 0.976 0.988 0.984 0.984 0.983 0.982 0.979 0.978 0.984 0.980 0.979 0.970 0.973 0.976 0.981 0.982 0.981 0.982 0.978 0.973 0.969 0.964 0.951 0.919 0.919 0.906 0.941 0.974 0.973 0.982 0.985 0.987 0.987 0.983 0.970 0.970 0.980 0.989 0.987 0.988 0.983 0.973 0.969 0.966 0.948 0.931 0.951 0.998
0.983 0.980 0.994 0.992 0.993 0.994 0.994 0.994 0.991 0.990 0.986 0.986 0.982 0.981 0.982 0.984 0.984 0.982 0.986 0.986 0.985 0.985 0.985 0.986 0.986 0.986 0.974 0.970 0.984 0.981 0.989 0.984 0.984 0.984 0.983 0.982 0.975 0.983 0.976 0.977 0.976 0.979 0.983 0.984 0.984 0.983 0.981 0.977 0.977 0.975 0.969 0.959 0.939 0.914 0.920 0.931 0.942 0.958 0.983 0.970 0.986 0.988 0.978 0.969 0.974 0.982 0.987 0.987 0.987 0.983 0.974 0.980 0.976 0.971 0.968 0.949 0.972
0.983 0.993 0.993 0.993 0.994 0.994 0.992 0.986 0.988 0.990 0.989 0.984 0.982 0.984 0.985 0.986 0.985 0.979 0.981 0.984 0.984 0.987 0.982 0.983 0.987 0.985 0.978 0.970 0.956 0.971 0.979 0.954 0.977 0.980 0.983 0.983 0.972 0.979 0.979 0.980 0.977 0.978 0.985 0.986 0.986 0.984 0.983 0.982 0.980 0.979 0.971 0.955 0.947 0.947 0.927 0.914 0.916 0.924 0.963 0.960 0.983 0.985 0.952 0.949 0.960 0.977 0.985 0.988 0.988 0.982 0.975 0.983 0.982 0.981 0.981 0.974 0.982
0.981 0.992 0.993 0.993 0.993 0.992 0.991 0.988 0.989 0.990 0.983 0.984 0.986 0.987 0.986 0.987 0.987 0.985 0.985 0.986 0.986 0.989 0.988 0.986 0.987 0.983 0.978 0.977 0.978 0.978 0.973 0.954 0.971 0.979 0.978 0.975 0.981 0.979 0.977 0.976 0.979 0.983 0.986 0.987 0.987 0.985 0.985 0.984 0.982 0.980 0.977 0.968 0.961 0.951 0.938 0.923 0.922 0.913 0.907 0.968 0.971 0.969 0.943 0.949 0.947 0.967 0.980 0.986 0.990 0.987 0.985 0.987 0.986 0.984 0.984 0.981 0.974
0.950 0.963 0.995 0.994 0.993 0.993 0.990 0.984 0.987 0.985 0.982 0.987 0.988 0.988 0.989 0.988 0.988 0.987 0.988 0.987 0.987 0.989 0.989 0.988 0.986 0.984 0.977 0.987 0.987 0.984 0.979 0.977 0.979 0.975 0.978 0.980 0.975 0.980 0.977 0.982 0.986 0.988 0.989 0.989 0.988 0.986 0.986 0.985 0.982 0.978 0.975 0.973 0.971 0.968 0.965 0.963 0.955 0.928 0.931 0.916 0.944 0.952 0.925 0.951 0.940 0.957 0.963 0.971 0.982 0.979 0.985 0.989 0.990 0.990 0.988 0.985 0.988
0.938 0.945 0.975 0.994 0.986 0.984 0.988 0.977 0.973 0.973 0.982 0.990 0.990 0.990 0.989 0.989 0.989 0.989 0.989 0.987 0.989 0.989 0.988 0.987 0.983 0.976 0.984 0.989 0.989 0.978 0.978 0.981 0.984 0.984 0.979 0.971 0.972 0.981 0.980 0.981 0.982 0.990 0.990 0.988 0.988 0.985 0.986 0.985 0.982 0.976 0.979 0.977 0.976 0.975 0.974 0.973 0.969 0.956 0.933 0.900 0.918 0.909 0.924 0.941 0.942 0.947 0.954 0.958 0.943 0.932 0.961 0.984 0.991 0.989 0.986 0.976 0.979
0.933 0.950 0.958 0.992 0.987 0.983 0.982 0.983 0.987 0.984 0.985 0.990 0.990 0.991 0.990 0.990 0.990 0.990 0.990 0.987 0.990 0.989 0.990 0.990 0.990 0.988 0.987 0.989 0.987 0.976 0.978 0.974 0.980 0.973 0.974 0.970 0.981 0.986 0.983 0.982 0.985 0.987 0.988 0.984 0.988 0.987 0.987 0.986 0.983 0.979 0.981 0.980 0.980 0.979 0.979 0.978 0.977 0.971 0.964 0.956 0.949 0.931 0.903 0.918 0.952 0.967 0.971 0.971 0.975 0.964 0.966 0.986 0.990 0.989 0.985 0.973 0.977
0.939 0.964 0.969 0.980 0.990 0.987 0.989 0.988 0.988 0.986 0.978 0.981 0.991 0.991 0.990 0.988 0.990 0.991 0.990 0.988 0.989 0.991 0.990 0.988 0.989 0.990 0.990 0.990 0.988 0.984 0.984 0.978 0.982 0.979 0.977 0.979 0.983 0.986 0.985 0.982 0.980 0.986 0.990 0.989 0.989 0.989 0.989 0.985 0.983 0.982 0.982 0.982 0.980 0.981 0.983 0.981 0.980 0.978 0.976 0.970 0.967 0.963 0.958 0.909 0.942 0.955 0.963 0.965 0.974 0.972 0.971 0.978 0.984 0.988 0.987 0.979 0.981
0.986 0.989 0.968 0.958 0.973 0.979 0.980 0.984 0.989 0.990 0.986 0.972 0.986 0.991 0.989 0.991 0.992 0.991 0.991 0.988 0.986 0.984 0.984 0.986 0.984 0.984 0.991 0.990 0.988 0.983 0.982 0.984 0.982 0.980 0.975 0.980 0.979 0.987 0.985 0.985 0.981 0.984 0.987 0.990 0.990 0.991 0.989 0.982 0.980 0.983 0.984 0.984 0.984 0.986 0.986 0.982 0.982 0.981 0.979 0.976 0.972 0.969 0.965 0.942 0.949 0.954 0.926 0.971 0.978 0.980 0.976 0.977 0.980 0.987 0.988 0.984 0.986
0.986 0.989 0.971 0.952 0.962 0.978 0.987 0.979 0.990 0.990 0.988 0.984 0.992 0.992 0.991 0.992 0.992 0.991 0.987 0.985 0.989 0.987 0.989 0.990 0.990 0.989 0.988 0.988 0.987 0.987 0.986 0.985 0.983 0.984 0.984 0.983 0.984 0.987 0.986 0.985 0.979 0.979 0.987 0.991 0.991 0.991 0.985 0.980 0.981 0.983 0.984 0.986 0.987 0.988 0.986 0.981 0.984 0.984 0.982 0.979 0.975 0.974 0.972 0.967 0.971 0.969 0.958 0.974 0.978 0.986 0.983 0.982 0.979 0.987 0.989 0.984 0.984
0.966 0.989 0.987 0.959 0.977 0.981 0.990 0.985 0.985 0.986 0.989 0.987 0.992 0.992 0.984 0.977 0.976 0.980 0.979 0.982 0.989 0.990 0.991 0.992 0.992 0.992 0.992 0.989 0.990 0.989 0.988 0.987 0.986 0.987 0.986 0.982 0.978 0.983 0.985 0.982 0.979 0.974 0.978 0.991 0.990 0.990 0.988 0.987 0.981 0.982 0.986 0.988 0.988 0.988 0.979 0.984 0.986 0.985 0.983 0.980 0.977 0.976 0.971 0.970 0.975 0.973 0.973 0.980 0.982 0.986 0.982 0.982 0.981 0.987 0.984 0.984 0.973
0.968 0.984 0.968 0.957 0.973 0.956 0.978 0.979 0.988 0.992 0.992 0.990 0.986 0.985 0.982 0.978 0.976 0.981 0.979 0.981 0.986 0.987 0.985 0.989 0.991 0.992 0.992 0.987 0.990 0.990 0.989 0.988 0.987 0.986 0.982 0.976 0.971 0.976 0.972 0.976 0.982 0.978 0.976 0.989 0.990 0.990 0.986 0.982 0.975 0.985 0.989 0.989 0.988 0.985 0.984 0.986 0.986 0.984 0.983 0.982 0.977 0.980 0.966 0.962 0.975 0.971 0.967 0.967 0.977 0.984 0.980 0.984 0.984 0.988 0.979 0.985 0.986
0.951 0.965 0.952 0.972 0.976 0.970 0.969 0.956 0.987 0.991 0.983 0.978 0.973 0.973 0.977 0.980 0.983 0.987 0.987 0.988 0.988 0.988 0.985 0.985 0.985 0.987 0.987 0.989 0.990 0.991 0.990 0.988 0.989 0.984 0.983 0.982 0.970 0.978 0.982 0.981 0.985 0.983 0.975 0.980 0.984 0.978 0.979 0.975 0.969 0.989 0.990 0.990 0.984 0.984 0.986 0.987 0.987 0.985 0.984 0.983 0.981 0.977 0.972 0.965 0.969 0.974 0.972 0.969 0.981 0.983 0.980 0.982 0.983 0.985 0.987 0.987 0.988
0.966 0.968 0.965 0.982 0.978 0.971 0.971 0.941 0.988 0.993 0.976 0.974 0.973 0.971 0.979 0.989 0.990 0.990 0.990 0.990 0.990 0.991 0.990 0.988 0.988 0.987 0.987 0.984 0.990 0.991 0.989 0.989 0.989 0.988 0.983 0.982 0.973 0.975 0.984 0.984 0.983 0.983 0.969 0.983 0.987 0.969 0.963 0.957 0.976 0.991 0.989 0.980 0.985 0.985 0.987 0.988 0.987 0.985 0.985 0.984 0.981 0.980 0.976 0.970 0.970 0.978 0.977 0.973 0.985 0.985 0.985 0.978 0.973 0.978 0.978 0.984 0.986
0.980 0.976 0.982 0.985 0.983 0.974 0.957 0.939 0.976 0.991 0.965 0.972 0.974 0.982 0.991 0.991 0.991 0.989 0.990 0.988 0.990 0.991 0.990 0.988 0.979 0.976 0.983 0.989 0.992 0.992 0.989 0.987 0.990 0.989 0.982 0.975 0.973 0.971 0.980 0.982 0.988 0.984 0.969 0.978 0.977 0.969 0.959 0.975 0.989 0.989 0.982 0.986 0.988 0.985 0.988 0.988 0.987 0.986 0.986 0.981 0.982 0.983 0.977 0.972 0.973 0.977 0.977 0.979 0.987 0.986 0.980 0.973 0.979 0.977 0.975 0.982 0.986
