modules/data/openamundsen/svf_uppereastriver_50.asc
ncols        280
nrows        337
xllcorner    322550.000000000000
yllcorner    4305600.000000000000
cellsize     50.000000000000
[rows 204 to 237 of 337, columns 154 to 230 of 280]
0.962 0.962 0.962 0.962 0.961 0.964 0.964 0.963 0.956 0.963 0.971 0.972 0.969 0.970 0.969 0.966 0.936 0.964 0.966 0.974 0.973 0.972 0.968 0.970 0.970 0.970 0.969 0.967 0.965 0.964 0.960 0.960 0.965 0.954 0.966 0.971 0.971 0.949 0.923 0.924 0.921 0.916 0.912 0.917 0.920 0.916 0.903 0.915 0.913 0.915 0.903 0.931 0.956 0.937 0.943 0.946 0.947 0.938 0.917 0.918 0.925 0.936 0.934 0.945 0.971 0.931 0.900 0.870 0.866 0.890 0.900 0.912 0.908 0.917 0.923 0.923 0.891
0.962 0.964 0.964 0.964 0.964 0.964 0.964 0.964 0.955 0.961 0.970 0.972 0.968 0.970 0.970 0.961 0.919 0.963 0.963 0.975 0.973 0.972 0.970 0.971 0.969 0.970 0.969 0.966 0.963 0.963 0.959 0.957 0.965 0.945 0.973 0.972 0.945 0.926 0.913 0.917 0.923 0.906 0.930 0.924 0.917 0.894 0.911 0.923 0.922 0.918 0.955 0.962 0.949 0.930 0.924 0.942 0.935 0.942 0.931 0.928 0.930 0.928 0.926 0.935 0.964 0.932 0.912 0.887 0.878 0.898 0.913 0.921 0.918 0.918 0.913 0.904 0.844
0.965 0.966 0.964 0.964 0.962 0.959 0.962 0.964 0.957 0.958 0.970 0.973 0.973 0.974 0.967 0.957 0.966 0.969 0.954 0.971 0.972 0.970 0.972 0.968 0.969 0.969 0.968 0.962 0.964 0.962 0.960 0.963 0.967 0.957 0.973 0.950 0.931 0.911 0.909 0.895 0.918 0.939 0.939 0.932 0.928 0.917 0.930 0.934 0.920 0.961 0.966 0.949 0.944 0.945 0.930 0.929 0.938 0.932 0.942 0.936 0.923 0.915 0.927 0.931 0.964 0.948 0.906 0.884 0.877 0.897 0.913 0.921 0.921 0.891 0.877 0.889 0.890
0.965 0.964 0.963 0.962 0.960 0.953 0.960 0.966 0.956 0.965 0.971 0.974 0.973 0.974 0.968 0.955 0.950 0.949 0.965 0.967 0.970 0.971 0.972 0.970 0.970 0.969 0.969 0.963 0.962 0.963 0.966 0.969 0.972 0.963 0.954 0.935 0.925 0.913 0.892 0.947 0.947 0.945 0.942 0.929 0.928 0.919 0.918 0.936 0.953 0.969 0.958 0.940 0.951 0.955 0.956 0.944 0.946 0.944 0.942 0.937 0.932 0.923 0.930 0.931 0.968 0.969 0.916 0.884 0.871 0.891 0.907 0.912 0.908 0.893 0.906 0.899 0.900
0.960 0.964 0.964 0.961 0.954 0.957 0.971 0.972 0.969 0.970 0.973 0.975 0.974 0.975 0.965 0.951 0.947 0.954 0.953 0.962 0.966 0.959 0.968 0.968 0.965 0.970 0.948 0.965 0.951 0.963 0.967 0.969 0.970 0.949 0.945 0.932 0.927 0.898 0.928 0.949 0.949 0.943 0.933 0.910 0.909 0.930 0.949 0.966 0.972 0.964 0.937 0.947 0.949 0.958 0.959 0.953 0.945 0.931 0.932 0.935 0.931 0.927 0.921 0.907 0.935 0.975 0.955 0.903 0.872 0.850 0.891 0.893 0.900 0.912 0.904 0.896 0.900
0.959 0.960 0.964 0.964 0.961 0.966 0.973 0.973 0.972 0.973 0.974 0.975 0.974 0.974 0.958 0.952 0.963 0.961 0.957 0.952 0.952 0.953 0.964 0.964 0.956 0.969 0.949 0.961 0.951 0.965 0.970 0.970 0.963 0.943 0.947 0.944 0.939 0.930 0.935 0.929 0.932 0.927 0.908 0.925 0.946 0.965 0.974 0.973 0.956 0.939 0.945 0.960 0.961 0.962 0.959 0.958 0.957 0.954 0.950 0.947 0.943 0.937 0.931 0.924 0.929 0.962 0.971 0.915 0.915 0.901 0.886 0.906 0.913 0.912 0.907 0.902 0.914
0.954 0.953 0.950 0.957 0.959 0.948 0.935 0.952 0.960 0.947 0.899 0.933 0.971 0.959 0.957 0.967 0.961 0.960 0.960 0.959 0.957 0.958 0.964 0.962 0.960 0.954 0.964 0.959 0.941 0.967 0.961 0.969 0.962 0.953 0.953 0.950 0.904 0.940 0.933 0.918 0.907 0.903 0.914 0.957 0.971 0.976 0.975 0.962 0.931 0.943 0.957 0.963 0.965 0.964 0.962 0.961 0.961 0.960 0.956 0.954 0.950 0.953 0.949 0.939 0.936 0.912 0.923 0.950 0.927 0.903 0.877 0.904 0.912 0.905 0.897 0.887 0.900
0.953 0.951 0.951 0.946 0.949 0.953 0.952 0.961 0.974 0.971 0.925 0.975 0.977 0.977 0.965 0.942 0.952 0.963 0.962 0.963 0.964 0.952 0.957 0.961 0.965 0.960 0.967 0.963 0.954 0.963 0.964 0.969 0.962 0.958 0.931 0.887 0.936 0.926 0.928 0.910 0.915 0.939 0.969 0.977 0.976 0.969 0.951 0.937 0.930 0.958 0.963 0.966 0.967 0.967 0.967 0.965 0.963 0.961 0.962 0.959 0.950 0.948 0.949 0.940 0.940 0.901 0.915 0.947 0.948 0.926 0.910 0.903 0.908 0.902 0.901 0.899 0.913
0.945 0.947 0.949 0.959 0.967 0.959 0.952 0.949 0.970 0.959 0.921 0.971 0.968 0.977 0.977 0.974 0.970 0.961 0.962 0.967 0.968 0.964 0.966 0.967 0.967 0.958 0.962 0.961 0.959 0.959 0.953 0.924 0.926 0.951 0.875 0.943 0.924 0.910 0.905 0.911 0.934 0.969 0.977 0.967 0.949 0.942 0.936 0.944 0.950 0.964 0.967 0.965 0.968 0.968 0.969 0.968 0.967 0.964 0.962 0.959 0.955 0.951 0.943 0.930 0.929 0.906 0.917 0.938 0.921 0.913 0.908 0.888 0.910 0.884 0.891 0.898 0.918
0.935 0.946 0.956 0.972 0.970 0.968 0.967 0.965 0.969 0.952 0.978 0.977 0.967 0.961 0.973 0.974 0.970 0.970 0.955 0.967 0.968 0.968 0.970 0.969 0.968 0.963 0.958 0.951 0.951 0.949 0.939 0.857 0.849 0.853 0.904 0.940 0.919 0.894 0.933 0.969 0.980 0.978 0.977 0.939 0.951 0.950 0.953 0.958 0.962 0.966 0.967 0.968 0.970 0.970 0.971 0.970 0.968 0.967 0.966 0.963 0.958 0.958 0.954 0.947 0.925 0.918 0.930 0.942 0.926 0.909 0.864 0.923 0.913 0.870 0.881 0.894 0.936
0.945 0.925 0.927 0.973 0.971 0.972 0.973 0.973 0.966 0.963 0.977 0.978 0.977 0.975 0.967 0.975 0.974 0.965 0.963 0.969 0.969 0.970 0.970 0.969 0.968 0.966 0.964 0.963 0.958 0.944 0.893 0.910 0.947 0.937 0.958 0.949 0.916 0.951 0.980 0.976 0.964 0.957 0.962 0.948 0.958 0.961 0.963 0.965 0.966 0.969 0.969 0.971 0.972 0.972 0.972 0.971 0.971 0.970 0.967 0.962 0.963 0.962 0.958 0.951 0.935 0.930 0.933 0.942 0.926 0.903 0.851 0.926 0.913 0.878 0.884 0.907 0.940
0.950 0.944 0.913 0.960 0.963 0.967 0.975 0.972 0.966 0.966 0.978 0.976 0.974 0.965 0.941 0.974 0.975 0.960 0.969 0.969 0.968 0.971 0.971 0.970 0.967 0.964 0.961 0.958 0.946 0.921 0.928 0.944 0.969 0.968 0.956 0.948 0.920 0.977 0.978 0.971 0.965 0.973 0.971 0.966 0.967 0.967 0.968 0.967 0.965 0.968 0.971 0.973 0.973 0.973 0.972 0.972 0.973 0.971 0.969 0.967 0.966 0.964 0.951 0.938 0.942 0.934 0.912 0.920 0.931 0.929 0.911 0.928 0.907 0.902 0.900 0.912 0.924
0.959 0.950 0.933 0.927 0.948 0.970 0.974 0.971 0.968 0.971 0.977 0.976 0.977 0.978 0.966 0.915 0.971 0.964 0.968 0.967 0.968 0.972 0.971 0.970 0.965 0.963 0.959 0.954 0.938 0.937 0.949 0.938 0.968 0.969 0.947 0.949 0.954 0.980 0.980 0.979 0.975 0.977 0.975 0.974 0.973 0.971 0.971 0.970 0.966 0.971 0.973 0.975 0.975 0.974 0.973 0.974 0.973 0.972 0.971 0.971 0.969 0.966 0.946 0.946 0.949 0.945 0.928 0.932 0.934 0.928 0.900 0.935 0.919 0.917 0.919 0.913 0.910
0.962 0.958 0.951 0.917 0.932 0.977 0.960 0.973 0.975 0.972 0.979 0.977 0.980 0.979 0.977 0.952 0.920 0.956 0.962 0.962 0.974 0.973 0.970 0.970 0.963 0.962 0.958 0.947 0.956 0.953 0.944 0.959 0.972 0.969 0.973 0.973 0.969 0.974 0.979 0.980 0.979 0.978 0.977 0.976 0.974 0.974 0.973 0.971 0.968 0.973 0.975 0.976 0.976 0.975 0.973 0.974 0.974 0.973 0.972 0.972 0.968 0.966 0.941 0.951 0.951 0.935 0.932 0.935 0.936 0.930 0.941 0.938 0.927 0.923 0.921 0.920 0.905
0.961 0.962 0.953 0.919 0.889 0.977 0.953 0.976 0.973 0.968 0.979 0.977 0.980 0.978 0.978 0.976 0.941 0.950 0.966 0.971 0.975 0.970 0.965 0.970 0.964 0.962 0.957 0.953 0.955 0.948 0.936 0.942 0.971 0.968 0.956 0.967 0.974 0.980 0.976 0.979 0.980 0.979 0.979 0.977 0.976 0.976 0.975 0.973 0.972 0.975 0.975 0.976 0.976 0.976 0.972 0.974 0.973 0.970 0.972 0.970 0.969 0.960 0.938 0.951 0.952 0.936 0.937 0.937 0.941 0.941 0.942 0.941 0.936 0.930 0.933 0.931 0.916
0.963 0.962 0.955 0.928 0.883 0.963 0.975 0.976 0.971 0.967 0.966 0.976 0.981 0.979 0.970 0.971 0.924 0.947 0.968 0.968 0.973 0.959 0.965 0.965 0.965 0.957 0.952 0.939 0.956 0.959 0.960 0.946 0.976 0.972 0.954 0.932 0.955 0.980 0.980 0.979 0.980 0.980 0.979 0.978 0.977 0.976 0.976 0.975 0.973 0.974 0.976 0.976 0.976 0.977 0.975 0.973 0.973 0.973 0.973 0.971 0.971 0.941 0.937 0.948 0.946 0.943 0.941 0.944 0.942 0.944 0.947 0.949 0.944 0.938 0.936 0.936 0.926
0.967 0.964 0.959 0.951 0.918 0.945 0.973 0.973 0.971 0.975 0.961 0.977 0.976 0.979 0.934 0.932 0.945 0.959 0.968 0.972 0.973 0.968 0.968 0.968 0.969 0.962 0.960 0.958 0.965 0.966 0.968 0.960 0.974 0.972 0.966 0.957 0.953 0.978 0.980 0.980 0.981 0.980 0.980 0.978 0.974 0.976 0.976 0.974 0.974 0.976 0.975 0.975 0.976 0.977 0.975 0.975 0.976 0.972 0.972 0.972 0.970 0.929 0.936 0.946 0.944 0.945 0.947 0.946 0.955 0.955 0.955 0.952 0.949 0.944 0.943 0.942 0.937
0.968 0.967 0.964 0.956 0.941 0.945 0.962 0.959 0.970 0.971 0.958 0.980 0.980 0.981 0.934 0.934 0.956 0.963 0.967 0.972 0.974 0.973 0.969 0.969 0.969 0.965 0.964 0.964 0.969 0.973 0.969 0.971 0.969 0.968 0.966 0.959 0.954 0.955 0.972 0.981 0.980 0.981 0.980 0.978 0.974 0.975 0.973 0.970 0.960 0.962 0.972 0.975 0.976 0.977 0.975 0.975 0.975 0.975 0.974 0.972 0.971 0.927 0.933 0.946 0.947 0.948 0.954 0.959 0.959 0.957 0.956 0.955 0.954 0.952 0.951 0.949 0.944
0.969 0.969 0.967 0.962 0.951 0.955 0.963 0.943 0.954 0.963 0.958 0.959 0.977 0.968 0.960 0.954 0.962 0.971 0.966 0.969 0.974 0.974 0.970 0.972 0.970 0.965 0.961 0.960 0.966 0.975 0.974 0.969 0.975 0.973 0.958 0.949 0.959 0.954 0.945 0.953 0.978 0.981 0.980 0.980 0.977 0.976 0.972 0.967 0.953 0.966 0.972 0.975 0.977 0.978 0.977 0.976 0.976 0.975 0.975 0.974 0.971 0.907 0.928 0.947 0.951 0.957 0.961 0.961 0.960 0.961 0.959 0.958 0.957 0.957 0.952 0.953 0.949
0.970 0.971 0.971 0.967 0.962 0.964 0.969 0.960 0.949 0.968 0.960 0.946 0.967 0.976 0.977 0.975 0.970 0.959 0.965 0.968 0.969 0.973 0.971 0.972 0.971 0.967 0.962 0.961 0.970 0.976 0.975 0.970 0.970 0.972 0.970 0.955 0.954 0.956 0.961 0.949 0.963 0.969 0.981 0.981 0.978 0.977 0.971 0.961 0.916 0.946 0.964 0.973 0.975 0.977 0.978 0.978 0.977 0.976 0.975 0.974 0.964 0.912 0.939 0.950 0.956 0.963 0.963 0.962 0.963 0.963 0.961 0.960 0.957 0.954 0.957 0.956 0.953
0.971 0.971 0.973 0.971 0.965 0.964 0.970 0.969 0.946 0.970 0.970 0.966 0.958 0.981 0.980 0.979 0.978 0.968 0.971 0.973 0.967 0.972 0.969 0.974 0.971 0.965 0.959 0.955 0.948 0.976 0.975 0.974 0.974 0.973 0.970 0.967 0.960 0.953 0.958 0.948 0.948 0.954 0.968 0.982 0.981 0.977 0.968 0.978 0.901 0.892 0.943 0.965 0.973 0.978 0.978 0.978 0.977 0.977 0.976 0.973 0.961 0.908 0.946 0.948 0.964 0.965 0.964 0.964 0.964 0.963 0.960 0.953 0.957 0.959 0.959 0.957 0.955
0.971 0.973 0.974 0.973 0.966 0.967 0.972 0.972 0.961 0.966 0.976 0.970 0.963 0.981 0.981 0.981 0.974 0.976 0.974 0.974 0.958 0.972 0.972 0.974 0.973 0.971 0.962 0.959 0.951 0.969 0.954 0.970 0.971 0.975 0.971 0.967 0.966 0.964 0.964 0.961 0.958 0.955 0.963 0.974 0.979 0.978 0.972 0.982 0.974 0.843 0.877 0.937 0.961 0.973 0.977 0.977 0.977 0.977 0.975 0.972 0.959 0.912 0.953 0.959 0.966 0.965 0.965 0.966 0.964 0.960 0.958 0.958 0.962 0.962 0.964 0.960 0.960
0.969 0.973 0.974 0.974 0.970 0.961 0.971 0.974 0.968 0.961 0.975 0.975 0.969 0.976 0.980 0.982 0.978 0.969 0.978 0.974 0.972 0.968 0.973 0.974 0.975 0.973 0.970 0.956 0.965 0.969 0.955 0.944 0.964 0.966 0.968 0.969 0.966 0.966 0.965 0.957 0.955 0.956 0.945 0.966 0.980 0.979 0.973 0.981 0.984 0.978 0.899 0.859 0.916 0.964 0.968 0.975 0.974 0.973 0.975 0.972 0.966 0.927 0.955 0.962 0.966 0.966 0.966 0.965 0.957 0.958 0.958 0.956 0.955 0.951 0.957 0.958 0.958
0.954 0.969 0.973 0.974 0.972 0.965 0.964 0.974 0.971 0.964 0.969 0.977 0.971 0.968 0.974 0.981 0.981 0.976 0.974 0.955 0.975 0.960 0.972 0.974 0.975 0.975 0.972 0.962 0.962 0.962 0.959 0.965 0.973 0.969 0.960 0.967 0.964 0.960 0.965 0.956 0.950 0.952 0.940 0.944 0.975 0.982 0.979 0.979 0.984 0.980 0.981 0.975 0.881 0.928 0.949 0.973 0.975 0.974 0.975 0.973 0.972 0.919 0.955 0.950 0.965 0.966 0.966 0.956 0.948 0.950 0.948 0.946 0.947 0.949 0.965 0.969 0.970
0.941 0.970 0.968 0.973 0.973 0.969 0.970 0.973 0.974 0.970 0.960 0.977 0.979 0.971 0.976 0.977 0.982 0.980 0.981 0.942 0.970 0.965 0.971 0.975 0.974 0.975 0.974 0.971 0.967 0.966 0.966 0.970 0.974 0.973 0.968 0.964 0.962 0.965 0.963 0.963 0.952 0.952 0.945 0.943 0.963 0.978 0.981 0.984 0.984 0.975 0.974 0.979 0.976 0.927 0.903 0.957 0.972 0.974 0.975 0.974 0.974 0.936 0.954 0.965 0.968 0.962 0.947 0.942 0.940 0.945 0.957 0.959 0.961 0.970 0.975 0.972 0.951
0.921 0.960 0.968 0.969 0.970 0.972 0.971 0.972 0.974 0.971 0.968 0.968 0.980 0.978 0.974 0.975 0.981 0.981 0.981 0.962 0.948 0.965 0.971 0.975 0.975 0.975 0.975 0.973 0.970 0.964 0.968 0.972 0.975 0.974 0.971 0.966 0.962 0.964 0.965 0.958 0.956 0.948 0.939 0.942 0.955 0.960 0.981 0.985 0.985 0.963 0.968 0.975 0.978 0.975 0.973 0.935 0.944 0.961 0.973 0.973 0.973 0.944 0.958 0.951 0.943 0.926 0.930 0.942 0.957 0.964 0.970 0.975 0.974 0.977 0.976 0.950 0.861
0.902 0.945 0.958 0.958 0.964 0.973 0.973 0.972 0.975 0.974 0.971 0.964 0.980 0.980 0.977 0.977 0.976 0.981 0.981 0.972 0.949 0.966 0.972 0.975 0.975 0.976 0.974 0.974 0.970 0.967 0.968 0.975 0.976 0.974 0.972 0.969 0.957 0.954 0.965 0.955 0.949 0.936 0.937 0.942 0.945 0.940 0.973 0.985 0.985 0.959 0.961 0.970 0.978 0.979 0.976 0.976 0.954 0.947 0.963 0.959 0.970 0.952 0.957 0.937 0.933 0.929 0.946 0.963 0.976 0.974 0.976 0.976 0.974 0.972 0.925 0.924 0.877
0.948 0.938 0.895 0.968 0.966 0.964 0.974 0.974 0.975 0.977 0.975 0.971 0.978 0.981 0.976 0.981 0.978 0.981 0.981 0.972 0.967 0.972 0.975 0.973 0.975 0.976 0.975 0.974 0.970 0.969 0.969 0.975 0.976 0.974 0.973 0.970 0.967 0.952 0.962 0.963 0.950 0.942 0.944 0.946 0.942 0.930 0.945 0.985 0.986 0.970 0.959 0.967 0.976 0.978 0.977 0.978 0.975 0.967 0.964 0.962 0.959 0.962 0.940 0.952 0.952 0.962 0.975 0.977 0.977 0.977 0.958 0.916 0.931 0.930 0.904 0.891 0.908
0.956 0.944 0.948 0.967 0.967 0.961 0.962 0.975 0.975 0.978 0.978 0.975 0.973 0.981 0.977 0.979 0.981 0.981 0.980 0.970 0.970 0.972 0.974 0.976 0.969 0.976 0.976 0.973 0.971 0.974 0.973 0.974 0.973 0.970 0.974 0.972 0.969 0.959 0.955 0.960 0.960 0.947 0.946 0.948 0.942 0.922 0.913 0.947 0.986 0.981 0.957 0.965 0.972 0.976 0.977 0.977 0.976 0.973 0.970 0.969 0.967 0.964 0.939 0.963 0.962 0.978 0.979 0.970 0.934 0.910 0.933 0.915 0.937 0.936 0.917 0.888 0.895
0.958 0.953 0.909 0.955 0.963 0.962 0.931 0.974 0.977 0.977 0.979 0.976 0.968 0.981 0.979 0.978 0.981 0.980 0.980 0.968 0.977 0.978 0.970 0.978 0.969 0.974 0.976 0.972 0.964 0.974 0.974 0.976 0.972 0.968 0.971 0.970 0.970 0.965 0.949 0.949 0.957 0.950 0.943 0.953 0.945 0.933 0.922 0.924 0.960 0.985 0.962 0.966 0.971 0.974 0.977 0.976 0.974 0.968 0.966 0.966 0.968 0.966 0.950 0.949 0.949 0.950 0.933 0.924 0.920 0.923 0.944 0.918 0.915 0.919 0.917 0.897 0.923
0.957 0.956 0.945 0.938 0.961 0.964 0.942 0.953 0.977 0.978 0.979 0.977 0.972 0.979 0.980 0.976 0.981 0.978 0.981 0.978 0.978 0.980 0.980 0.960 0.971 0.969 0.975 0.975 0.965 0.969 0.973 0.975 0.973 0.973 0.965 0.972 0.968 0.968 0.961 0.951 0.943 0.951 0.952 0.957 0.955 0.938 0.935 0.927 0.920 0.958 0.983 0.974 0.962 0.971 0.975 0.975 0.975 0.968 0.962 0.963 0.968 0.967 0.958 0.949 0.948 0.935 0.924 0.928 0.917 0.934 0.951 0.925 0.922 0.935 0.930 0.919 0.922
0.955 0.957 0.956 0.937 0.961 0.963 0.960 0.939 0.977 0.978 0.978 0.976 0.968 0.972 0.979 0.969 0.981 0.978 0.971 0.981 0.979 0.979 0.980 0.971 0.969 0.976 0.971 0.971 0.969 0.965 0.966 0.975 0.976 0.973 0.967 0.970 0.942 0.964 0.960 0.950 0.934 0.937 0.947 0.956 0.959 0.957 0.946 0.945 0.931 0.941 0.975 0.984 0.983 0.966 0.965 0.975 0.976 0.968 0.956 0.947 0.964 0.966 0.964 0.949 0.950 0.934 0.928 0.938 0.930 0.927 0.943 0.923 0.933 0.938 0.938 0.935 0.925
0.953 0.955 0.956 0.934 0.959 0.963 0.959 0.968 0.972 0.978 0.977 0.976 0.966 0.956 0.970 0.967 0.980 0.980 0.970 0.976 0.981 0.981 0.978 0.980 0.978 0.967 0.976 0.969 0.940 0.958 0.961 0.969 0.976 0.973 0.971 0.968 0.948 0.949 0.944 0.931 0.915 0.914 0.924 0.954 0.958 0.961 0.955 0.950 0.937 0.924 0.947 0.978 0.984 0.985 0.982 0.976 0.975 0.973 0.965 0.936 0.954 0.962 0.964 0.963 0.960 0.953 0.949 0.947 0.947 0.945 0.946 0.946 0.945 0.944 0.942 0.938 0.933
0.950 0.955 0.957 0.950 0.918 0.937 0.967 0.975 0.974 0.977 0.976 0.977 0.971 0.966 0.969 0.971 0.978 0.980 0.978 0.970 0.981 0.981 0.979 0.980 0.979 0.979 0.965 0.977 0.963 0.933 0.932 0.926 0.971 0.973 0.973 0.967 0.958 0.957 0.948 0.937 0.934 0.922 0.923 0.946 0.965 0.966 0.965 0.963 0.956 0.936 0.944 0.957 0.982 0.984 0.983 0.983 0.983 0.980 0.975 0.948 0.946 0.950 0.957 0.963 0.963 0.962 0.960 0.958 0.955 0.955 0.954 0.952 0.950 0.947 0.942 0.928 0.914
