modules/data/openamundsen/svf_uppereastriver_50.asc
ncols        655
nrows        836
xllcorner    315950.000000000000
yllcorner    4280850.000000000000
cellsize     50.000000000000
[rows 782 to 815 of 836, columns 385 to 461 of 655]
0.950 0.966 0.974 0.975 0.975 0.986 0.990 0.991 0.991 0.989 0.970 0.978 0.987 0.990 0.930 0.942 0.944 0.952 0.968 0.970 0.974 0.976 0.975 0.973 0.974 0.974 0.967 0.975 0.977 0.974 0.976 0.976 0.978 0.979 0.979 0.981 0.982 0.980 0.980 0.983 0.982 0.982 0.978 0.980 0.980 0.982 0.982 0.982 0.981 0.982 0.982 0.984 0.984 0.965 0.966 0.973 0.978 0.984 0.987 0.988 0.988 0.958 0.976 0.982 0.982 0.980 0.982 0.979 0.944 0.936 0.965 0.976 0.979 0.978 0.963 0.982 0.983
0.967 0.974 0.975 0.979 0.983 0.988 0.991 0.992 0.992 0.986 0.983 0.980 0.988 0.991 0.963 0.947 0.954 0.963 0.970 0.972 0.975 0.976 0.976 0.973 0.973 0.970 0.960 0.969 0.971 0.972 0.974 0.976 0.976 0.980 0.979 0.980 0.981 0.980 0.982 0.983 0.981 0.982 0.983 0.982 0.981 0.982 0.981 0.981 0.982 0.983 0.983 0.984 0.980 0.975 0.973 0.975 0.980 0.985 0.987 0.988 0.988 0.979 0.973 0.979 0.976 0.981 0.983 0.985 0.957 0.912 0.954 0.972 0.978 0.976 0.953 0.981 0.983
0.974 0.976 0.979 0.983 0.987 0.989 0.992 0.994 0.993 0.990 0.984 0.987 0.986 0.988 0.967 0.938 0.950 0.964 0.970 0.970 0.973 0.976 0.976 0.976 0.975 0.951 0.954 0.967 0.974 0.974 0.975 0.977 0.979 0.979 0.980 0.980 0.981 0.980 0.980 0.979 0.981 0.982 0.982 0.981 0.983 0.983 0.980 0.982 0.981 0.983 0.982 0.979 0.980 0.983 0.985 0.977 0.982 0.985 0.985 0.988 0.989 0.987 0.973 0.986 0.978 0.974 0.981 0.981 0.971 0.920 0.921 0.967 0.975 0.976 0.957 0.976 0.975
0.977 0.980 0.984 0.987 0.988 0.991 0.993 0.993 0.994 0.993 0.987 0.991 0.987 0.986 0.926 0.911 0.935 0.950 0.960 0.959 0.968 0.973 0.972 0.972 0.970 0.962 0.961 0.969 0.974 0.974 0.975 0.977 0.977 0.978 0.977 0.979 0.980 0.980 0.977 0.980 0.981 0.980 0.981 0.982 0.982 0.982 0.982 0.983 0.983 0.983 0.983 0.983 0.983 0.984 0.985 0.985 0.985 0.985 0.984 0.985 0.989 0.989 0.977 0.988 0.988 0.985 0.983 0.981 0.979 0.971 0.909 0.950 0.972 0.975 0.966 0.957 0.964
0.979 0.983 0.986 0.988 0.990 0.992 0.992 0.992 0.986 0.982 0.989 0.988 0.982 0.944 0.903 0.912 0.936 0.942 0.951 0.950 0.946 0.958 0.967 0.967 0.964 0.966 0.971 0.972 0.973 0.967 0.970 0.972 0.976 0.978 0.979 0.979 0.980 0.979 0.978 0.980 0.980 0.979 0.981 0.980 0.981 0.982 0.983 0.982 0.983 0.984 0.983 0.984 0.983 0.985 0.984 0.985 0.985 0.985 0.985 0.981 0.988 0.989 0.962 0.983 0.988 0.988 0.988 0.986 0.981 0.971 0.952 0.923 0.969 0.974 0.970 0.943 0.969
0.981 0.985 0.988 0.989 0.991 0.992 0.992 0.991 0.980 0.978 0.987 0.989 0.992 0.955 0.892 0.909 0.925 0.938 0.949 0.958 0.950 0.955 0.963 0.962 0.960 0.971 0.973 0.973 0.974 0.972 0.975 0.976 0.978 0.979 0.981 0.981 0.981 0.982 0.982 0.982 0.981 0.981 0.983 0.982 0.981 0.981 0.978 0.980 0.983 0.984 0.984 0.984 0.984 0.984 0.985 0.985 0.985 0.985 0.986 0.978 0.988 0.988 0.965 0.965 0.975 0.982 0.987 0.988 0.985 0.985 0.984 0.943 0.969 0.974 0.966 0.934 0.979
0.981 0.986 0.989 0.990 0.990 0.991 0.992 0.989 0.980 0.984 0.988 0.990 0.992 0.966 0.910 0.927 0.935 0.939 0.945 0.954 0.960 0.962 0.962 0.970 0.968 0.966 0.973 0.973 0.974 0.972 0.975 0.976 0.977 0.978 0.980 0.979 0.981 0.981 0.982 0.983 0.982 0.978 0.983 0.983 0.983 0.982 0.983 0.981 0.983 0.984 0.984 0.984 0.985 0.984 0.985 0.984 0.985 0.985 0.985 0.981 0.984 0.987 0.968 0.952 0.971 0.976 0.970 0.979 0.976 0.984 0.973 0.937 0.971 0.969 0.955 0.902 0.966
0.978 0.986 0.988 0.990 0.989 0.989 0.988 0.983 0.988 0.980 0.985 0.992 0.994 0.983 0.918 0.925 0.921 0.940 0.949 0.952 0.960 0.962 0.968 0.968 0.966 0.966 0.970 0.971 0.970 0.971 0.974 0.975 0.977 0.978 0.979 0.979 0.978 0.980 0.979 0.977 0.972 0.980 0.983 0.984 0.983 0.983 0.983 0.977 0.980 0.983 0.984 0.984 0.978 0.976 0.977 0.982 0.985 0.986 0.986 0.981 0.964 0.963 0.944 0.950 0.973 0.973 0.968 0.960 0.961 0.968 0.945 0.961 0.972 0.948 0.912 0.976 0.984
0.980 0.985 0.988 0.990 0.989 0.988 0.989 0.990 0.992 0.977 0.985 0.992 0.994 0.993 0.926 0.918 0.919 0.929 0.948 0.952 0.960 0.964 0.969 0.958 0.958 0.961 0.967 0.969 0.970 0.971 0.971 0.972 0.973 0.976 0.978 0.979 0.981 0.978 0.978 0.978 0.978 0.981 0.983 0.983 0.983 0.983 0.982 0.983 0.984 0.979 0.984 0.983 0.979 0.980 0.983 0.984 0.985 0.986 0.986 0.983 0.979 0.969 0.957 0.962 0.962 0.951 0.951 0.944 0.944 0.955 0.956 0.971 0.974 0.957 0.983 0.978 0.962
0.982 0.983 0.988 0.990 0.989 0.987 0.991 0.992 0.993 0.989 0.982 0.990 0.993 0.994 0.970 0.930 0.908 0.914 0.934 0.951 0.955 0.965 0.969 0.958 0.959 0.959 0.964 0.969 0.968 0.971 0.972 0.973 0.975 0.977 0.979 0.978 0.980 0.980 0.977 0.979 0.979 0.980 0.983 0.983 0.981 0.983 0.981 0.983 0.983 0.980 0.981 0.983 0.978 0.982 0.983 0.984 0.985 0.985 0.985 0.984 0.981 0.973 0.975 0.972 0.969 0.951 0.942 0.940 0.941 0.960 0.969 0.975 0.974 0.961 0.941 0.946 0.963
0.981 0.980 0.986 0.989 0.989 0.985 0.990 0.992 0.993 0.987 0.979 0.990 0.993 0.994 0.992 0.975 0.927 0.909 0.921 0.946 0.965 0.973 0.970 0.954 0.953 0.957 0.965 0.968 0.969 0.970 0.972 0.972 0.975 0.976 0.975 0.972 0.974 0.976 0.971 0.976 0.977 0.979 0.982 0.983 0.981 0.982 0.978 0.983 0.984 0.983 0.978 0.984 0.983 0.984 0.984 0.985 0.985 0.985 0.985 0.985 0.984 0.983 0.977 0.977 0.956 0.960 0.956 0.968 0.969 0.953 0.970 0.975 0.975 0.958 0.952 0.959 0.972
0.976 0.981 0.985 0.989 0.991 0.982 0.988 0.987 0.986 0.977 0.986 0.992 0.994 0.995 0.995 0.993 0.984 0.953 0.952 0.944 0.941 0.925 0.922 0.944 0.958 0.963 0.965 0.963 0.958 0.964 0.969 0.972 0.972 0.973 0.972 0.973 0.970 0.967 0.969 0.977 0.979 0.979 0.981 0.979 0.980 0.981 0.979 0.983 0.983 0.984 0.978 0.984 0.983 0.984 0.984 0.984 0.984 0.984 0.982 0.984 0.983 0.981 0.973 0.961 0.976 0.984 0.984 0.986 0.966 0.947 0.970 0.976 0.974 0.959 0.981 0.982 0.982
0.980 0.976 0.981 0.986 0.988 0.982 0.988 0.987 0.986 0.989 0.992 0.993 0.994 0.995 0.995 0.995 0.994 0.925 0.930 0.918 0.898 0.880 0.874 0.877 0.885 0.904 0.919 0.899 0.936 0.931 0.956 0.961 0.965 0.971 0.972 0.972 0.973 0.975 0.976 0.978 0.980 0.982 0.981 0.980 0.980 0.981 0.982 0.982 0.982 0.980 0.981 0.983 0.984 0.984 0.985 0.983 0.976 0.975 0.972 0.968 0.973 0.971 0.978 0.982 0.986 0.987 0.986 0.974 0.963 0.947 0.970 0.976 0.975 0.954 0.978 0.984 0.984
0.975 0.973 0.981 0.985 0.986 0.983 0.987 0.988 0.990 0.991 0.993 0.993 0.994 0.994 0.995 0.995 0.992 0.894 0.873 0.879 0.878 0.882 0.888 0.893 0.902 0.912 0.926 0.955 0.963 0.965 0.964 0.962 0.964 0.968 0.971 0.971 0.973 0.974 0.977 0.978 0.980 0.981 0.981 0.978 0.980 0.979 0.981 0.981 0.982 0.983 0.983 0.983 0.984 0.984 0.983 0.984 0.986 0.986 0.986 0.985 0.986 0.987 0.987 0.987 0.987 0.987 0.987 0.964 0.968 0.942 0.970 0.977 0.976 0.949 0.981 0.983 0.984
0.970 0.970 0.979 0.983 0.984 0.983 0.988 0.988 0.990 0.992 0.993 0.993 0.994 0.993 0.994 0.993 0.983 0.885 0.809 0.798 0.843 0.863 0.886 0.880 0.900 0.937 0.946 0.949 0.946 0.956 0.952 0.958 0.961 0.962 0.964 0.968 0.972 0.971 0.975 0.978 0.980 0.980 0.979 0.972 0.976 0.975 0.974 0.977 0.980 0.982 0.983 0.984 0.984 0.984 0.986 0.986 0.986 0.986 0.987 0.987 0.983 0.977 0.977 0.977 0.977 0.985 0.986 0.964 0.955 0.943 0.971 0.978 0.976 0.950 0.972 0.983 0.985
0.980 0.969 0.974 0.983 0.986 0.988 0.986 0.982 0.989 0.991 0.993 0.994 0.994 0.994 0.995 0.994 0.983 0.908 0.820 0.824 0.838 0.880 0.904 0.920 0.943 0.949 0.947 0.938 0.927 0.952 0.952 0.950 0.948 0.954 0.961 0.964 0.966 0.970 0.975 0.976 0.979 0.979 0.982 0.975 0.977 0.960 0.945 0.970 0.978 0.981 0.982 0.982 0.984 0.985 0.986 0.985 0.985 0.986 0.986 0.985 0.978 0.978 0.983 0.982 0.975 0.969 0.979 0.981 0.941 0.938 0.973 0.978 0.978 0.953 0.969 0.984 0.985
0.985 0.967 0.973 0.981 0.983 0.983 0.978 0.985 0.989 0.991 0.992 0.993 0.994 0.994 0.995 0.995 0.995 0.990 0.981 0.950 0.899 0.912 0.918 0.934 0.951 0.956 0.953 0.946 0.929 0.948 0.952 0.935 0.934 0.949 0.952 0.957 0.958 0.962 0.969 0.974 0.978 0.980 0.982 0.982 0.981 0.977 0.943 0.964 0.976 0.979 0.983 0.985 0.986 0.985 0.985 0.985 0.986 0.986 0.987 0.987 0.983 0.977 0.981 0.983 0.982 0.981 0.969 0.974 0.952 0.959 0.975 0.979 0.979 0.960 0.978 0.986 0.986
0.963 0.958 0.961 0.972 0.976 0.979 0.983 0.987 0.989 0.991 0.992 0.993 0.994 0.995 0.995 0.995 0.995 0.996 0.996 0.989 0.929 0.907 0.909 0.929 0.942 0.946 0.957 0.951 0.937 0.944 0.940 0.927 0.920 0.940 0.948 0.954 0.965 0.954 0.960 0.967 0.975 0.980 0.982 0.983 0.983 0.981 0.964 0.965 0.973 0.978 0.984 0.985 0.985 0.982 0.985 0.986 0.985 0.986 0.986 0.987 0.987 0.983 0.985 0.976 0.974 0.973 0.973 0.968 0.954 0.965 0.977 0.980 0.980 0.966 0.935 0.986 0.982
0.957 0.958 0.973 0.973 0.979 0.982 0.984 0.987 0.989 0.990 0.992 0.993 0.994 0.995 0.995 0.996 0.995 0.995 0.995 0.996 0.994 0.971 0.960 0.972 0.976 0.953 0.957 0.968 0.951 0.945 0.932 0.916 0.919 0.933 0.943 0.944 0.969 0.968 0.967 0.962 0.963 0.976 0.981 0.984 0.985 0.985 0.971 0.980 0.979 0.977 0.980 0.984 0.985 0.983 0.985 0.986 0.986 0.986 0.987 0.987 0.987 0.980 0.962 0.964 0.972 0.968 0.969 0.971 0.970 0.969 0.976 0.979 0.980 0.975 0.956 0.979 0.974
0.956 0.957 0.971 0.971 0.965 0.970 0.981 0.986 0.989 0.990 0.991 0.993 0.994 0.994 0.994 0.992 0.993 0.995 0.995 0.995 0.996 0.992 0.972 0.964 0.977 0.980 0.966 0.958 0.962 0.977 0.983 0.965 0.967 0.962 0.961 0.945 0.970 0.977 0.977 0.981 0.980 0.982 0.984 0.984 0.986 0.985 0.975 0.985 0.985 0.985 0.985 0.985 0.985 0.985 0.985 0.986 0.986 0.986 0.985 0.972 0.961 0.953 0.940 0.957 0.957 0.951 0.960 0.965 0.967 0.972 0.976 0.979 0.980 0.979 0.976 0.975 0.980
0.980 0.968 0.977 0.976 0.973 0.976 0.981 0.987 0.990 0.991 0.990 0.993 0.994 0.994 0.994 0.994 0.995 0.996 0.996 0.995 0.993 0.978 0.930 0.940 0.957 0.967 0.973 0.967 0.980 0.989 0.990 0.976 0.975 0.974 0.963 0.958 0.961 0.960 0.970 0.980 0.981 0.983 0.983 0.984 0.979 0.969 0.964 0.976 0.984 0.985 0.985 0.986 0.985 0.985 0.985 0.985 0.985 0.984 0.975 0.970 0.970 0.971 0.963 0.953 0.951 0.956 0.962 0.962 0.950 0.965 0.971 0.977 0.979 0.980 0.980 0.981 0.981
0.992 0.968 0.976 0.978 0.974 0.974 0.979 0.988 0.990 0.988 0.988 0.991 0.993 0.994 0.994 0.994 0.994 0.993 0.992 0.991 0.979 0.950 0.936 0.935 0.958 0.972 0.976 0.977 0.982 0.988 0.987 0.978 0.960 0.962 0.951 0.945 0.955 0.952 0.967 0.975 0.976 0.972 0.978 0.981 0.972 0.980 0.981 0.980 0.982 0.981 0.983 0.984 0.983 0.977 0.983 0.985 0.985 0.983 0.977 0.981 0.972 0.957 0.921 0.931 0.946 0.955 0.969 0.976 0.947 0.938 0.959 0.973 0.977 0.979 0.980 0.980 0.981
0.982 0.985 0.984 0.983 0.985 0.986 0.974 0.982 0.982 0.967 0.979 0.986 0.993 0.993 0.994 0.989 0.986 0.989 0.986 0.984 0.942 0.939 0.949 0.933 0.963 0.973 0.976 0.980 0.982 0.983 0.986 0.964 0.954 0.967 0.959 0.952 0.949 0.955 0.970 0.976 0.976 0.979 0.981 0.982 0.978 0.981 0.983 0.982 0.981 0.983 0.984 0.985 0.975 0.973 0.983 0.984 0.983 0.980 0.980 0.982 0.957 0.937 0.933 0.949 0.969 0.968 0.971 0.971 0.961 0.946 0.932 0.965 0.976 0.978 0.979 0.980 0.981
0.991 0.995 0.993 0.985 0.984 0.987 0.970 0.969 0.982 0.983 0.986 0.983 0.990 0.992 0.992 0.976 0.972 0.967 0.961 0.975 0.970 0.961 0.947 0.962 0.969 0.976 0.981 0.983 0.984 0.980 0.986 0.978 0.964 0.968 0.964 0.951 0.949 0.947 0.957 0.970 0.976 0.978 0.980 0.976 0.978 0.982 0.982 0.981 0.982 0.983 0.983 0.970 0.974 0.981 0.982 0.980 0.979 0.980 0.981 0.978 0.966 0.971 0.979 0.977 0.970 0.963 0.956 0.972 0.971 0.970 0.927 0.958 0.972 0.978 0.979 0.980 0.981
0.990 0.996 0.997 0.994 0.980 0.987 0.986 0.964 0.969 0.980 0.985 0.986 0.983 0.979 0.976 0.953 0.947 0.963 0.971 0.980 0.972 0.965 0.971 0.967 0.974 0.981 0.983 0.985 0.984 0.971 0.976 0.974 0.954 0.972 0.963 0.949 0.957 0.973 0.970 0.970 0.968 0.966 0.970 0.976 0.978 0.976 0.979 0.982 0.981 0.982 0.974 0.978 0.979 0.978 0.981 0.978 0.969 0.978 0.975 0.977 0.975 0.973 0.981 0.976 0.969 0.961 0.947 0.958 0.974 0.977 0.939 0.933 0.969 0.975 0.978 0.979 0.980
0.987 0.989 0.997 0.998 0.991 0.986 0.990 0.984 0.970 0.979 0.985 0.982 0.976 0.979 0.967 0.952 0.964 0.967 0.974 0.979 0.966 0.968 0.978 0.980 0.982 0.984 0.978 0.984 0.984 0.976 0.984 0.981 0.983 0.984 0.981 0.982 0.983 0.983 0.978 0.976 0.978 0.970 0.968 0.978 0.977 0.976 0.977 0.979 0.979 0.979 0.976 0.973 0.977 0.978 0.980 0.978 0.967 0.964 0.958 0.976 0.978 0.981 0.983 0.984 0.981 0.972 0.955 0.953 0.968 0.958 0.949 0.924 0.964 0.973 0.977 0.978 0.980
0.984 0.973 0.992 0.998 0.997 0.986 0.990 0.987 0.967 0.977 0.979 0.977 0.984 0.982 0.973 0.968 0.977 0.976 0.977 0.977 0.965 0.964 0.972 0.981 0.986 0.986 0.985 0.986 0.986 0.986 0.985 0.985 0.983 0.982 0.982 0.976 0.977 0.981 0.971 0.974 0.975 0.966 0.972 0.979 0.976 0.954 0.963 0.974 0.973 0.968 0.969 0.967 0.972 0.976 0.977 0.952 0.970 0.978 0.949 0.969 0.978 0.981 0.983 0.985 0.983 0.979 0.955 0.946 0.952 0.950 0.933 0.932 0.961 0.971 0.975 0.977 0.979
0.987 0.983 0.990 0.997 0.997 0.986 0.990 0.989 0.977 0.981 0.977 0.972 0.977 0.957 0.963 0.967 0.976 0.969 0.964 0.969 0.958 0.966 0.973 0.971 0.979 0.985 0.986 0.981 0.979 0.981 0.982 0.979 0.972 0.974 0.968 0.971 0.964 0.961 0.953 0.954 0.960 0.973 0.976 0.981 0.982 0.979 0.972 0.973 0.972 0.965 0.958 0.971 0.977 0.977 0.973 0.957 0.977 0.983 0.966 0.971 0.978 0.982 0.984 0.986 0.986 0.984 0.976 0.949 0.925 0.903 0.905 0.932 0.960 0.969 0.973 0.977 0.978
0.978 0.988 0.993 0.994 0.995 0.992 0.991 0.991 0.985 0.986 0.979 0.973 0.982 0.980 0.972 0.947 0.969 0.967 0.968 0.965 0.964 0.969 0.975 0.972 0.972 0.980 0.980 0.973 0.975 0.979 0.975 0.973 0.968 0.971 0.963 0.958 0.958 0.954 0.956 0.967 0.972 0.973 0.978 0.979 0.982 0.980 0.980 0.976 0.978 0.974 0.957 0.971 0.977 0.977 0.966 0.967 0.979 0.983 0.959 0.969 0.978 0.981 0.983 0.985 0.986 0.986 0.984 0.958 0.887 0.886 0.900 0.931 0.957 0.966 0.971 0.975 0.977
0.988 0.991 0.995 0.996 0.997 0.997 0.992 0.989 0.987 0.983 0.980 0.975 0.979 0.978 0.974 0.958 0.942 0.966 0.968 0.968 0.968 0.972 0.976 0.976 0.974 0.972 0.978 0.979 0.982 0.981 0.978 0.976 0.970 0.975 0.967 0.972 0.967 0.969 0.967 0.970 0.971 0.971 0.979 0.981 0.981 0.978 0.983 0.980 0.977 0.970 0.952 0.968 0.974 0.972 0.960 0.967 0.978 0.980 0.966 0.957 0.967 0.977 0.981 0.984 0.985 0.986 0.984 0.940 0.866 0.890 0.906 0.934 0.954 0.964 0.970 0.973 0.977
0.990 0.994 0.996 0.995 0.996 0.998 0.995 0.990 0.990 0.988 0.981 0.965 0.976 0.976 0.974 0.972 0.966 0.939 0.958 0.963 0.970 0.973 0.975 0.977 0.977 0.974 0.976 0.975 0.976 0.976 0.978 0.981 0.975 0.973 0.975 0.971 0.968 0.964 0.964 0.966 0.973 0.976 0.980 0.980 0.982 0.984 0.987 0.988 0.986 0.976 0.957 0.967 0.969 0.960 0.954 0.967 0.972 0.971 0.969 0.966 0.963 0.962 0.975 0.981 0.984 0.985 0.981 0.929 0.868 0.899 0.913 0.929 0.952 0.962 0.969 0.973 0.976
0.991 0.993 0.997 0.996 0.996 0.999 0.998 0.994 0.992 0.991 0.986 0.978 0.967 0.973 0.971 0.966 0.937 0.938 0.957 0.965 0.970 0.973 0.977 0.979 0.979 0.978 0.976 0.965 0.978 0.979 0.975 0.966 0.964 0.959 0.961 0.955 0.957 0.969 0.969 0.971 0.975 0.977 0.979 0.979 0.982 0.984 0.987 0.988 0.989 0.981 0.959 0.964 0.969 0.962 0.968 0.976 0.975 0.969 0.966 0.971 0.973 0.969 0.964 0.974 0.981 0.983 0.983 0.971 0.885 0.901 0.909 0.925 0.950 0.960 0.968 0.971 0.974
0.990 0.989 0.992 0.995 0.994 0.998 0.998 0.995 0.996 0.993 0.989 0.979 0.965 0.975 0.975 0.974 0.937 0.926 0.948 0.962 0.968 0.974 0.976 0.976 0.976 0.974 0.967 0.961 0.961 0.961 0.962 0.964 0.950 0.943 0.952 0.962 0.971 0.976 0.969 0.964 0.970 0.973 0.975 0.976 0.981 0.983 0.986 0.986 0.988 0.985 0.955 0.957 0.964 0.964 0.968 0.976 0.977 0.973 0.960 0.967 0.973 0.970 0.966 0.963 0.968 0.975 0.979 0.977 0.890 0.895 0.907 0.919 0.944 0.957 0.965 0.970 0.974
0.989 0.989 0.991 0.992 0.995 0.998 0.998 0.997 0.996 0.994 0.977 0.978 0.979 0.981 0.984 0.980 0.945 0.922 0.931 0.955 0.964 0.967 0.971 0.972 0.974 0.973 0.972 0.974 0.974 0.967 0.957 0.958 0.940 0.963 0.965 0.958 0.967 0.970 0.972 0.964 0.962 0.965 0.973 0.973 0.976 0.984 0.986 0.987 0.988 0.987 0.961 0.968 0.964 0.968 0.966 0.971 0.975 0.974 0.960 0.961 0.969 0.970 0.967 0.963 0.958 0.963 0.966 0.969 0.907 0.890 0.891 0.915 0.941 0.955 0.964 0.968 0.972
