modules/data/openamundsen/svf_uppereastriver_50.asc
ncols        655
nrows        836
xllcorner    315950.000000000000
yllcorner    4280850.000000000000
cellsize     50.000000000000
[rows 646 to 679 of 836, columns 539 to 615 of 655]
0.951 0.950 0.972 0.970 0.971 0.964 0.939 0.960 0.983 0.928 0.967 0.989 0.992 0.973 0.968 0.967 0.969 0.954 0.940 0.962 0.967 0.994 0.988 0.949 0.987 0.988 0.950 0.992 0.956 0.944 0.880 0.852 0.826 0.875 0.932 0.907 0.912 0.953 0.992 0.989 0.978 0.975 0.989 0.989 0.959 0.975 0.989 0.967 0.922 0.935 0.907 0.985 0.993 0.993 0.973 0.927 0.944 0.874 0.844 0.797 0.799 0.830 0.828 0.837 0.850 0.850 0.868 0.871 0.867 0.871 0.869 0.858 0.820 0.793 0.766 0.809 0.809
0.960 0.968 0.967 0.971 0.976 0.969 0.890 0.925 0.907 0.929 0.978 0.985 0.990 0.987 0.981 0.984 0.971 0.964 0.893 0.936 0.942 0.993 0.994 0.960 0.978 0.967 0.931 0.991 0.975 0.979 0.930 0.902 0.885 0.834 0.930 0.928 0.899 0.912 0.944 0.987 0.964 0.981 0.970 0.987 0.987 0.945 0.990 0.986 0.849 0.880 0.891 0.965 0.994 0.996 0.969 0.937 0.886 0.824 0.803 0.781 0.777 0.789 0.793 0.815 0.797 0.819 0.859 0.863 0.870 0.875 0.872 0.856 0.817 0.791 0.735 0.860 0.909
0.969 0.982 0.981 0.974 0.977 0.980 0.890 0.948 0.890 0.926 0.962 0.976 0.990 0.992 0.978 0.971 0.959 0.956 0.894 0.964 0.963 0.987 0.994 0.984 0.964 0.992 0.935 0.993 0.969 0.995 0.959 0.881 0.857 0.820 0.919 0.923 0.887 0.870 0.871 0.978 0.935 0.982 0.965 0.989 0.989 0.921 0.982 0.989 0.971 0.822 0.906 0.981 0.996 0.997 0.988 0.939 0.941 0.863 0.853 0.873 0.820 0.867 0.898 0.861 0.871 0.878 0.875 0.872 0.874 0.879 0.873 0.853 0.811 0.807 0.792 0.868 0.817
0.976 0.981 0.974 0.983 0.980 0.937 0.907 0.909 0.901 0.938 0.969 0.991 0.996 0.995 0.979 0.970 0.950 0.930 0.867 0.954 0.954 0.975 0.992 0.991 0.947 0.989 0.972 0.918 0.945 0.962 0.972 0.900 0.852 0.843 0.809 0.867 0.882 0.884 0.893 0.992 0.960 0.924 0.985 0.990 0.986 0.964 0.959 0.971 0.881 0.877 0.940 0.995 0.997 0.997 0.992 0.980 0.981 0.947 0.906 0.941 0.936 0.850 0.873 0.871 0.877 0.875 0.872 0.871 0.873 0.877 0.873 0.856 0.821 0.808 0.773 0.778 0.807
0.980 0.968 0.976 0.983 0.978 0.941 0.914 0.936 0.944 0.961 0.961 0.981 0.996 0.996 0.994 0.981 0.951 0.917 0.877 0.945 0.927 0.960 0.990 0.995 0.964 0.960 0.977 0.897 0.904 0.973 0.995 0.994 0.942 0.924 0.885 0.866 0.875 0.882 0.913 0.963 0.940 0.958 0.990 0.989 0.986 0.981 0.954 0.973 0.818 0.923 0.967 0.990 0.996 0.996 0.993 0.978 0.978 0.986 0.938 0.814 0.789 0.823 0.842 0.845 0.822 0.822 0.825 0.833 0.872 0.878 0.872 0.854 0.802 0.815 0.819 0.846 0.859
0.982 0.953 0.960 0.971 0.966 0.938 0.958 0.945 0.947 0.942 0.949 0.964 0.973 0.984 0.988 0.988 0.982 0.935 0.916 0.865 0.887 0.927 0.971 0.995 0.965 0.961 0.958 0.926 0.909 0.995 0.984 0.979 0.921 0.949 0.935 0.891 0.881 0.907 0.935 0.940 0.891 0.953 0.985 0.982 0.988 0.986 0.939 0.929 0.889 0.954 0.992 0.986 0.995 0.996 0.991 0.979 0.981 0.944 0.872 0.866 0.864 0.855 0.861 0.864 0.897 0.901 0.899 0.857 0.873 0.877 0.874 0.859 0.813 0.831 0.823 0.816 0.872
0.970 0.929 0.945 0.967 0.961 0.915 0.948 0.950 0.948 0.949 0.952 0.971 0.952 0.982 0.968 0.988 0.994 0.962 0.941 0.902 0.855 0.910 0.987 0.995 0.988 0.933 0.959 0.919 0.878 0.964 0.996 0.982 0.971 0.939 0.938 0.900 0.862 0.922 0.923 0.936 0.934 0.975 0.980 0.985 0.990 0.986 0.963 0.899 0.943 0.978 0.975 0.989 0.996 0.996 0.986 0.980 0.975 0.937 0.920 0.902 0.894 0.875 0.890 0.904 0.907 0.906 0.893 0.824 0.861 0.874 0.875 0.862 0.817 0.837 0.822 0.788 0.835
0.937 0.914 0.928 0.940 0.932 0.936 0.959 0.968 0.965 0.960 0.961 0.978 0.947 0.972 0.936 0.968 0.995 0.993 0.971 0.915 0.866 0.921 0.950 0.980 0.995 0.938 0.907 0.891 0.935 0.978 0.978 0.976 0.969 0.959 0.940 0.935 0.876 0.900 0.913 0.895 0.949 0.969 0.985 0.987 0.990 0.988 0.967 0.889 0.945 0.973 0.981 0.987 0.996 0.996 0.985 0.974 0.969 0.960 0.968 0.897 0.919 0.929 0.930 0.900 0.887 0.885 0.868 0.804 0.862 0.878 0.874 0.865 0.823 0.838 0.833 0.838 0.921
0.935 0.945 0.945 0.924 0.929 0.956 0.968 0.979 0.979 0.971 0.955 0.948 0.948 0.965 0.912 0.946 0.985 0.995 0.959 0.913 0.823 0.891 0.915 0.962 0.990 0.938 0.912 0.890 0.932 0.974 0.990 0.954 0.956 0.964 0.943 0.968 0.922 0.911 0.901 0.878 0.943 0.967 0.977 0.989 0.991 0.982 0.965 0.863 0.945 0.964 0.978 0.984 0.994 0.996 0.983 0.982 0.975 0.920 0.869 0.884 0.885 0.934 0.862 0.901 0.866 0.889 0.890 0.813 0.862 0.876 0.875 0.866 0.829 0.840 0.829 0.830 0.831
0.950 0.955 0.952 0.950 0.959 0.962 0.978 0.987 0.985 0.981 0.947 0.931 0.942 0.948 0.904 0.947 0.979 0.996 0.985 0.938 0.846 0.849 0.920 0.950 0.966 0.943 0.935 0.893 0.923 0.993 0.993 0.966 0.941 0.968 0.966 0.955 0.953 0.910 0.897 0.888 0.943 0.954 0.982 0.990 0.990 0.969 0.968 0.861 0.975 0.984 0.984 0.973 0.980 0.988 0.992 0.982 0.988 0.909 0.910 0.920 0.906 0.812 0.829 0.811 0.842 0.863 0.881 0.863 0.864 0.879 0.880 0.869 0.831 0.843 0.845 0.841 0.868
0.958 0.961 0.964 0.957 0.975 0.983 0.988 0.990 0.988 0.966 0.940 0.934 0.937 0.934 0.910 0.942 0.963 0.983 0.992 0.919 0.936 0.828 0.857 0.929 0.939 0.943 0.921 0.922 0.933 0.979 0.974 0.926 0.947 0.926 0.944 0.923 0.932 0.858 0.895 0.893 0.924 0.942 0.981 0.988 0.986 0.953 0.971 0.853 0.926 0.947 0.981 0.957 0.971 0.990 0.996 0.991 0.960 0.958 0.890 0.866 0.838 0.823 0.860 0.870 0.845 0.808 0.773 0.819 0.871 0.879 0.880 0.872 0.841 0.829 0.846 0.855 0.824
0.963 0.974 0.973 0.972 0.985 0.992 0.992 0.991 0.988 0.977 0.951 0.930 0.932 0.905 0.908 0.930 0.934 0.955 0.987 0.986 0.958 0.901 0.853 0.930 0.943 0.944 0.941 0.963 0.980 0.982 0.989 0.972 0.963 0.946 0.957 0.956 0.927 0.856 0.874 0.900 0.923 0.944 0.970 0.980 0.984 0.961 0.948 0.947 0.800 0.901 0.973 0.941 0.946 0.982 0.994 0.996 0.991 0.974 0.925 0.894 0.909 0.906 0.896 0.880 0.872 0.852 0.849 0.826 0.864 0.882 0.883 0.875 0.858 0.825 0.811 0.821 0.834
0.975 0.980 0.986 0.988 0.990 0.994 0.985 0.963 0.967 0.978 0.962 0.939 0.925 0.904 0.900 0.916 0.930 0.930 0.953 0.990 0.972 0.939 0.925 0.893 0.960 0.956 0.972 0.978 0.987 0.980 0.987 0.986 0.985 0.972 0.960 0.975 0.903 0.855 0.893 0.888 0.910 0.938 0.970 0.973 0.981 0.975 0.944 0.918 0.763 0.903 0.943 0.926 0.940 0.953 0.978 0.997 0.992 0.996 0.947 0.847 0.869 0.913 0.894 0.909 0.926 0.926 0.905 0.856 0.868 0.882 0.882 0.873 0.858 0.826 0.831 0.842 0.845
0.979 0.982 0.986 0.992 0.994 0.992 0.966 0.934 0.946 0.972 0.979 0.946 0.912 0.912 0.903 0.921 0.923 0.937 0.946 0.971 0.976 0.935 0.909 0.872 0.957 0.981 0.947 0.989 0.977 0.987 0.989 0.992 0.991 0.962 0.926 0.931 0.850 0.872 0.899 0.893 0.910 0.957 0.985 0.973 0.959 0.963 0.919 0.904 0.786 0.919 0.958 0.905 0.933 0.950 0.950 0.967 0.935 0.932 0.879 0.887 0.820 0.806 0.814 0.856 0.857 0.881 0.894 0.840 0.865 0.884 0.882 0.873 0.848 0.827 0.871 0.880 0.853
0.979 0.985 0.989 0.992 0.995 0.989 0.944 0.948 0.926 0.935 0.967 0.974 0.938 0.896 0.896 0.914 0.950 0.920 0.946 0.979 0.980 0.969 0.959 0.805 0.976 0.975 0.927 0.967 0.993 0.984 0.984 0.983 0.991 0.968 0.873 0.810 0.789 0.870 0.895 0.889 0.922 0.977 0.994 0.980 0.923 0.932 0.887 0.876 0.814 0.870 0.944 0.869 0.947 0.947 0.946 0.950 0.911 0.932 0.933 0.942 0.939 0.867 0.827 0.825 0.826 0.816 0.886 0.843 0.866 0.885 0.883 0.871 0.849 0.827 0.837 0.844 0.822
0.982 0.988 0.992 0.994 0.995 0.981 0.944 0.947 0.937 0.911 0.944 0.964 0.954 0.918 0.867 0.904 0.957 0.919 0.932 0.969 0.987 0.977 0.963 0.873 0.951 0.921 0.924 0.929 0.986 0.962 0.976 0.991 0.993 0.981 0.841 0.781 0.837 0.883 0.936 0.945 0.944 0.980 0.996 0.990 0.904 0.880 0.876 0.851 0.812 0.856 0.933 0.879 0.906 0.916 0.953 0.969 0.932 0.926 0.937 0.954 0.892 0.866 0.873 0.879 0.874 0.863 0.836 0.842 0.868 0.885 0.885 0.872 0.844 0.828 0.833 0.821 0.829
0.986 0.988 0.993 0.994 0.987 0.958 0.969 0.969 0.937 0.914 0.910 0.933 0.948 0.943 0.871 0.859 0.894 0.912 0.937 0.988 0.988 0.986 0.986 0.931 0.819 0.921 0.929 0.921 0.982 0.965 0.978 0.993 0.977 0.992 0.964 0.776 0.778 0.885 0.968 0.952 0.942 0.987 0.997 0.995 0.971 0.873 0.855 0.856 0.827 0.855 0.878 0.882 0.915 0.908 0.952 0.969 0.943 0.944 0.928 0.948 0.964 0.905 0.881 0.873 0.886 0.882 0.827 0.871 0.882 0.882 0.883 0.869 0.832 0.821 0.818 0.788 0.815
0.990 0.992 0.993 0.994 0.989 0.956 0.966 0.968 0.922 0.914 0.912 0.916 0.930 0.912 0.906 0.881 0.933 0.934 0.959 0.957 0.935 0.989 0.991 0.965 0.934 0.860 0.930 0.915 0.925 0.984 0.990 0.993 0.967 0.958 0.862 0.808 0.753 0.848 0.902 0.938 0.910 0.945 0.993 0.980 0.939 0.861 0.863 0.870 0.847 0.822 0.819 0.874 0.881 0.898 0.964 0.946 0.917 0.955 0.945 0.933 0.931 0.962 0.919 0.854 0.841 0.826 0.835 0.873 0.885 0.884 0.880 0.865 0.835 0.829 0.800 0.820 0.905
0.977 0.994 0.994 0.992 0.991 0.978 0.968 0.971 0.953 0.938 0.931 0.917 0.910 0.916 0.897 0.886 0.944 0.938 0.956 0.957 0.928 0.978 0.988 0.987 0.944 0.929 0.906 0.894 0.895 0.933 0.973 0.991 0.943 0.919 0.859 0.802 0.864 0.890 0.935 0.920 0.905 0.910 0.972 0.985 0.984 0.901 0.882 0.891 0.870 0.859 0.860 0.815 0.839 0.851 0.913 0.829 0.888 0.925 0.951 0.959 0.881 0.936 0.946 0.908 0.870 0.864 0.847 0.878 0.887 0.884 0.881 0.864 0.821 0.824 0.799 0.839 0.876
0.966 0.993 0.994 0.990 0.991 0.987 0.976 0.968 0.966 0.952 0.924 0.923 0.929 0.896 0.891 0.902 0.957 0.963 0.955 0.960 0.934 0.966 0.970 0.984 0.943 0.949 0.904 0.880 0.910 0.957 0.986 0.995 0.954 0.879 0.806 0.794 0.847 0.887 0.943 0.922 0.898 0.896 0.990 0.992 0.942 0.976 0.910 0.914 0.899 0.897 0.885 0.867 0.850 0.828 0.849 0.814 0.862 0.888 0.966 0.968 0.911 0.830 0.871 0.914 0.838 0.850 0.847 0.884 0.890 0.884 0.878 0.858 0.841 0.835 0.805 0.771 0.767
0.974 0.985 0.995 0.988 0.983 0.982 0.972 0.950 0.962 0.941 0.946 0.944 0.933 0.908 0.906 0.901 0.957 0.954 0.929 0.960 0.967 0.965 0.952 0.968 0.946 0.908 0.886 0.898 0.919 0.972 0.988 0.995 0.955 0.916 0.880 0.817 0.765 0.839 0.885 0.924 0.897 0.898 0.946 0.920 0.973 0.993 0.898 0.910 0.917 0.919 0.925 0.925 0.867 0.864 0.743 0.770 0.813 0.891 0.972 0.912 0.855 0.809 0.868 0.867 0.902 0.848 0.858 0.888 0.890 0.886 0.875 0.855 0.813 0.812 0.797 0.825 0.838
0.984 0.986 0.992 0.990 0.965 0.966 0.963 0.966 0.970 0.966 0.963 0.963 0.927 0.905 0.886 0.900 0.927 0.899 0.950 0.976 0.977 0.971 0.967 0.981 0.980 0.874 0.910 0.949 0.973 0.991 0.974 0.986 0.994 0.941 0.866 0.815 0.774 0.811 0.926 0.941 0.897 0.916 0.943 0.939 0.980 0.984 0.912 0.935 0.927 0.935 0.950 0.952 0.935 0.930 0.880 0.785 0.838 0.883 0.965 0.931 0.864 0.835 0.805 0.797 0.857 0.837 0.872 0.889 0.889 0.881 0.873 0.840 0.811 0.828 0.825 0.809 0.788
0.981 0.986 0.990 0.991 0.969 0.942 0.951 0.949 0.966 0.966 0.948 0.938 0.921 0.908 0.896 0.910 0.928 0.926 0.959 0.983 0.981 0.969 0.952 0.969 0.984 0.915 0.858 0.857 0.895 0.916 0.931 0.981 0.982 0.992 0.964 0.899 0.815 0.747 0.795 0.799 0.895 0.930 0.963 0.988 0.994 0.996 0.964 0.946 0.939 0.934 0.944 0.944 0.924 0.938 0.903 0.785 0.847 0.873 0.928 0.963 0.928 0.883 0.850 0.828 0.842 0.874 0.887 0.890 0.891 0.881 0.868 0.832 0.851 0.850 0.833 0.821 0.865
0.994 0.983 0.985 0.987 0.984 0.933 0.930 0.938 0.934 0.947 0.947 0.936 0.927 0.911 0.910 0.928 0.940 0.944 0.966 0.984 0.984 0.969 0.955 0.957 0.964 0.978 0.855 0.857 0.880 0.889 0.888 0.910 0.971 0.984 0.984 0.906 0.893 0.811 0.837 0.937 0.936 0.899 0.913 0.979 0.966 0.991 0.994 0.964 0.929 0.927 0.930 0.916 0.873 0.874 0.889 0.781 0.832 0.812 0.881 0.951 0.945 0.953 0.916 0.875 0.850 0.886 0.894 0.894 0.889 0.879 0.868 0.827 0.828 0.838 0.845 0.844 0.880
0.991 0.992 0.976 0.973 0.977 0.953 0.917 0.919 0.916 0.924 0.924 0.937 0.938 0.927 0.907 0.911 0.932 0.939 0.958 0.980 0.974 0.970 0.928 0.943 0.938 0.987 0.963 0.841 0.906 0.907 0.907 0.938 0.973 0.986 0.991 0.951 0.904 0.804 0.774 0.896 0.880 0.835 0.834 0.872 0.955 0.985 0.997 0.904 0.863 0.887 0.916 0.934 0.923 0.883 0.890 0.827 0.781 0.762 0.904 0.927 0.855 0.926 0.836 0.841 0.858 0.889 0.894 0.891 0.884 0.873 0.843 0.815 0.826 0.840 0.837 0.837 0.878
0.995 0.998 0.994 0.952 0.962 0.957 0.931 0.899 0.906 0.916 0.911 0.931 0.937 0.933 0.924 0.906 0.925 0.935 0.943 0.956 0.937 0.956 0.926 0.946 0.930 0.960 0.978 0.937 0.872 0.903 0.913 0.977 0.988 0.974 0.992 0.948 0.862 0.765 0.713 0.833 0.839 0.835 0.830 0.830 0.844 0.938 0.997 0.959 0.895 0.888 0.911 0.937 0.945 0.921 0.891 0.845 0.830 0.712 0.819 0.835 0.825 0.924 0.868 0.859 0.871 0.890 0.896 0.892 0.882 0.866 0.859 0.862 0.847 0.862 0.866 0.850 0.861
0.992 0.998 0.998 0.956 0.943 0.947 0.954 0.923 0.913 0.921 0.920 0.917 0.905 0.920 0.924 0.907 0.926 0.938 0.952 0.959 0.940 0.926 0.899 0.907 0.939 0.953 0.977 0.932 0.906 0.903 0.911 0.965 0.963 0.936 0.969 0.957 0.851 0.781 0.722 0.803 0.824 0.842 0.855 0.853 0.850 0.857 0.993 0.997 0.970 0.902 0.919 0.916 0.895 0.902 0.892 0.894 0.846 0.786 0.784 0.812 0.817 0.889 0.875 0.865 0.881 0.891 0.894 0.886 0.878 0.848 0.853 0.856 0.837 0.839 0.857 0.883 0.954
0.980 0.990 0.996 0.986 0.924 0.928 0.945 0.951 0.918 0.907 0.923 0.932 0.930 0.930 0.927 0.876 0.922 0.923 0.927 0.959 0.962 0.925 0.897 0.904 0.931 0.959 0.976 0.957 0.918 0.923 0.936 0.956 0.944 0.976 0.978 0.979 0.867 0.773 0.742 0.763 0.811 0.846 0.843 0.847 0.855 0.898 0.950 0.994 0.988 0.925 0.892 0.844 0.839 0.816 0.805 0.842 0.841 0.789 0.825 0.821 0.821 0.841 0.916 0.849 0.891 0.891 0.892 0.883 0.871 0.846 0.849 0.839 0.802 0.797 0.846 0.928 0.994
0.975 0.984 0.989 0.988 0.931 0.921 0.928 0.938 0.950 0.936 0.935 0.939 0.940 0.939 0.936 0.925 0.910 0.897 0.908 0.929 0.947 0.950 0.906 0.894 0.918 0.956 0.975 0.975 0.933 0.925 0.960 0.965 0.978 0.984 0.979 0.985 0.915 0.809 0.781 0.733 0.777 0.828 0.825 0.825 0.852 0.853 0.857 0.951 0.995 0.947 0.945 0.898 0.904 0.901 0.877 0.858 0.837 0.839 0.840 0.843 0.846 0.854 0.867 0.890 0.900 0.895 0.889 0.879 0.861 0.847 0.852 0.831 0.842 0.898 0.908 0.983 0.995
0.958 0.979 0.993 0.995 0.941 0.924 0.912 0.919 0.914 0.917 0.906 0.924 0.929 0.930 0.931 0.929 0.921 0.912 0.900 0.915 0.919 0.930 0.909 0.904 0.901 0.939 0.963 0.978 0.965 0.855 0.904 0.934 0.966 0.977 0.925 0.984 0.984 0.876 0.883 0.747 0.760 0.806 0.824 0.853 0.826 0.841 0.879 0.964 0.974 0.972 0.931 0.888 0.891 0.901 0.928 0.924 0.911 0.892 0.887 0.886 0.884 0.884 0.898 0.905 0.902 0.898 0.887 0.873 0.851 0.857 0.858 0.837 0.815 0.829 0.886 0.986 0.979
0.941 0.979 0.997 0.997 0.953 0.951 0.915 0.911 0.904 0.893 0.896 0.906 0.918 0.923 0.925 0.920 0.927 0.917 0.903 0.887 0.894 0.919 0.917 0.925 0.909 0.921 0.953 0.983 0.984 0.954 0.853 0.868 0.892 0.971 0.909 0.977 0.988 0.946 0.808 0.827 0.763 0.793 0.820 0.829 0.864 0.889 0.905 0.931 0.923 0.976 0.975 0.944 0.949 0.926 0.873 0.929 0.945 0.951 0.920 0.907 0.900 0.898 0.901 0.906 0.903 0.895 0.881 0.861 0.841 0.847 0.853 0.840 0.831 0.851 0.954 0.992 0.948
0.962 0.971 0.997 0.997 0.957 0.950 0.904 0.905 0.901 0.906 0.914 0.901 0.900 0.909 0.919 0.916 0.934 0.937 0.933 0.902 0.909 0.900 0.911 0.920 0.903 0.888 0.900 0.924 0.971 0.985 0.956 0.845 0.876 0.902 0.982 0.975 0.908 0.982 0.843 0.808 0.754 0.797 0.823 0.841 0.853 0.899 0.916 0.917 0.906 0.953 0.960 0.938 0.935 0.895 0.885 0.841 0.860 0.911 0.938 0.890 0.886 0.868 0.903 0.907 0.902 0.892 0.879 0.838 0.842 0.847 0.830 0.837 0.838 0.880 0.963 0.996 0.963
0.925 0.977 0.994 0.997 0.972 0.942 0.905 0.879 0.893 0.910 0.915 0.921 0.913 0.922 0.931 0.930 0.937 0.939 0.937 0.926 0.923 0.920 0.896 0.893 0.894 0.870 0.864 0.891 0.914 0.959 0.986 0.933 0.837 0.895 0.962 0.951 0.846 0.972 0.849 0.814 0.783 0.794 0.820 0.846 0.866 0.907 0.925 0.916 0.921 0.958 0.974 0.961 0.909 0.898 0.856 0.813 0.808 0.884 0.851 0.869 0.855 0.868 0.903 0.907 0.897 0.887 0.874 0.856 0.818 0.851 0.851 0.846 0.849 0.956 0.995 0.996 0.984
0.889 0.934 0.990 0.997 0.990 0.941 0.915 0.912 0.891 0.899 0.904 0.935 0.905 0.921 0.922 0.932 0.933 0.939 0.938 0.928 0.928 0.931 0.913 0.894 0.879 0.891 0.875 0.877 0.906 0.922 0.961 0.979 0.917 0.893 0.948 0.921 0.848 0.937 0.934 0.844 0.752 0.817 0.823 0.855 0.874 0.929 0.916 0.908 0.917 0.959 0.979 0.979 0.919 0.921 0.914 0.927 0.837 0.809 0.812 0.843 0.840 0.889 0.901 0.903 0.894 0.879 0.846 0.840 0.809 0.813 0.824 0.827 0.912 0.984 0.996 0.994 0.985
