modules/data/openamundsen/svf_uppereastriver_50.asc
ncols        655
nrows        836
xllcorner    315950.000000000000
yllcorner    4280850.000000000000
cellsize     50.000000000000
[rows 578 to 611 of 836, columns 385 to 461 of 655]
0.981 0.973 0.967 0.968 0.969 0.976 0.967 0.971 0.975 0.979 0.974 0.980 0.976 0.977 0.977 0.978 0.979 0.979 0.980 0.979 0.975 0.977 0.974 0.976 0.979 0.971 0.976 0.975 0.974 0.970 0.963 0.952 0.945 0.941 0.909 0.927 0.933 0.948 0.956 0.958 0.959 0.959 0.956 0.955 0.953 0.950 0.950 0.947 0.943 0.938 0.930 0.921 0.906 0.902 0.899 0.918 0.913 0.891 0.868 0.888 0.873 0.851 0.847 0.853 0.883 0.903 0.894 0.884 0.896 0.901 0.899 0.907 0.918 0.906 0.925 0.951 0.987
0.985 0.983 0.979 0.978 0.973 0.963 0.966 0.973 0.971 0.971 0.974 0.976 0.977 0.974 0.977 0.979 0.976 0.977 0.980 0.979 0.975 0.975 0.977 0.978 0.979 0.979 0.976 0.976 0.972 0.974 0.972 0.972 0.967 0.947 0.943 0.931 0.940 0.944 0.952 0.957 0.958 0.959 0.956 0.954 0.954 0.950 0.950 0.947 0.944 0.940 0.932 0.924 0.910 0.894 0.890 0.882 0.876 0.876 0.889 0.875 0.844 0.832 0.865 0.888 0.911 0.920 0.904 0.911 0.921 0.923 0.909 0.899 0.900 0.874 0.867 0.918 0.982
0.985 0.981 0.985 0.982 0.974 0.962 0.963 0.965 0.970 0.972 0.974 0.977 0.979 0.977 0.973 0.980 0.975 0.978 0.979 0.971 0.973 0.974 0.976 0.977 0.979 0.978 0.975 0.974 0.963 0.961 0.965 0.967 0.960 0.952 0.944 0.945 0.944 0.941 0.948 0.956 0.958 0.957 0.955 0.955 0.954 0.952 0.951 0.950 0.945 0.941 0.934 0.929 0.923 0.920 0.913 0.905 0.903 0.894 0.883 0.866 0.863 0.892 0.913 0.900 0.868 0.882 0.887 0.898 0.907 0.894 0.903 0.909 0.887 0.854 0.856 0.902 0.960
0.969 0.978 0.984 0.985 0.978 0.970 0.980 0.970 0.969 0.970 0.971 0.972 0.981 0.974 0.971 0.976 0.977 0.980 0.981 0.975 0.970 0.978 0.979 0.978 0.980 0.980 0.980 0.961 0.971 0.960 0.965 0.966 0.963 0.955 0.948 0.946 0.938 0.932 0.941 0.953 0.957 0.957 0.955 0.955 0.954 0.952 0.952 0.949 0.947 0.943 0.938 0.933 0.929 0.926 0.919 0.911 0.901 0.907 0.900 0.891 0.899 0.896 0.848 0.821 0.854 0.898 0.900 0.901 0.885 0.876 0.898 0.898 0.856 0.853 0.883 0.880 0.955
0.963 0.962 0.976 0.982 0.969 0.979 0.984 0.975 0.976 0.970 0.955 0.970 0.978 0.974 0.974 0.975 0.962 0.966 0.959 0.972 0.976 0.979 0.981 0.981 0.980 0.981 0.981 0.970 0.972 0.963 0.962 0.956 0.966 0.955 0.951 0.944 0.933 0.921 0.929 0.946 0.954 0.952 0.954 0.955 0.955 0.951 0.953 0.949 0.948 0.944 0.939 0.933 0.928 0.920 0.908 0.883 0.878 0.881 0.882 0.888 0.852 0.814 0.872 0.867 0.871 0.919 0.912 0.886 0.890 0.891 0.893 0.883 0.850 0.850 0.874 0.891 0.965
0.984 0.974 0.976 0.983 0.982 0.981 0.984 0.982 0.980 0.980 0.966 0.977 0.980 0.973 0.975 0.977 0.967 0.972 0.968 0.970 0.973 0.978 0.979 0.977 0.979 0.981 0.982 0.981 0.978 0.964 0.963 0.960 0.968 0.965 0.961 0.958 0.945 0.941 0.946 0.955 0.954 0.947 0.954 0.955 0.955 0.953 0.953 0.950 0.948 0.945 0.941 0.936 0.931 0.925 0.899 0.893 0.888 0.881 0.861 0.832 0.831 0.865 0.896 0.883 0.888 0.931 0.893 0.892 0.906 0.881 0.859 0.845 0.868 0.875 0.895 0.884 0.957
0.989 0.970 0.975 0.971 0.980 0.977 0.984 0.977 0.982 0.978 0.977 0.980 0.978 0.982 0.972 0.977 0.967 0.969 0.964 0.971 0.970 0.977 0.976 0.977 0.979 0.981 0.981 0.982 0.978 0.963 0.958 0.959 0.963 0.964 0.965 0.962 0.953 0.947 0.938 0.944 0.947 0.941 0.953 0.955 0.955 0.954 0.953 0.951 0.950 0.946 0.942 0.938 0.932 0.918 0.891 0.883 0.876 0.871 0.862 0.877 0.858 0.827 0.819 0.867 0.918 0.898 0.883 0.898 0.902 0.857 0.841 0.857 0.908 0.880 0.881 0.878 0.963
0.990 0.985 0.979 0.980 0.968 0.971 0.980 0.976 0.982 0.980 0.973 0.974 0.980 0.981 0.977 0.978 0.979 0.971 0.975 0.968 0.968 0.972 0.973 0.977 0.980 0.981 0.981 0.981 0.977 0.979 0.973 0.959 0.953 0.968 0.967 0.968 0.966 0.950 0.953 0.949 0.942 0.940 0.952 0.954 0.955 0.954 0.955 0.952 0.949 0.948 0.944 0.941 0.935 0.927 0.916 0.912 0.902 0.892 0.869 0.851 0.851 0.888 0.900 0.929 0.889 0.860 0.905 0.911 0.878 0.843 0.864 0.899 0.892 0.875 0.885 0.873 0.946
0.985 0.985 0.987 0.988 0.978 0.984 0.972 0.978 0.984 0.981 0.956 0.972 0.972 0.974 0.979 0.980 0.979 0.970 0.968 0.965 0.961 0.965 0.972 0.979 0.980 0.980 0.981 0.981 0.979 0.976 0.973 0.956 0.960 0.964 0.968 0.967 0.963 0.946 0.952 0.945 0.935 0.930 0.950 0.953 0.956 0.955 0.955 0.953 0.951 0.948 0.945 0.943 0.938 0.933 0.924 0.911 0.893 0.884 0.871 0.862 0.844 0.821 0.822 0.888 0.854 0.880 0.920 0.855 0.852 0.879 0.899 0.892 0.876 0.876 0.869 0.884 0.938
0.983 0.983 0.980 0.987 0.984 0.979 0.976 0.978 0.985 0.983 0.962 0.973 0.980 0.973 0.978 0.981 0.982 0.960 0.966 0.968 0.961 0.965 0.969 0.977 0.978 0.975 0.978 0.979 0.973 0.974 0.975 0.961 0.955 0.964 0.964 0.965 0.961 0.945 0.938 0.923 0.922 0.947 0.949 0.953 0.955 0.955 0.955 0.954 0.951 0.948 0.948 0.944 0.940 0.934 0.927 0.911 0.890 0.860 0.853 0.852 0.850 0.833 0.849 0.901 0.841 0.868 0.873 0.853 0.896 0.916 0.896 0.873 0.872 0.880 0.880 0.895 0.941
0.987 0.982 0.987 0.984 0.979 0.973 0.978 0.977 0.984 0.983 0.975 0.975 0.978 0.977 0.963 0.982 0.981 0.960 0.968 0.976 0.976 0.975 0.979 0.971 0.976 0.977 0.977 0.981 0.969 0.973 0.974 0.974 0.962 0.954 0.960 0.969 0.969 0.961 0.930 0.926 0.937 0.943 0.944 0.952 0.955 0.955 0.956 0.955 0.953 0.952 0.949 0.946 0.942 0.938 0.932 0.918 0.890 0.876 0.859 0.854 0.843 0.851 0.851 0.832 0.840 0.822 0.819 0.893 0.917 0.897 0.850 0.872 0.877 0.899 0.908 0.903 0.923
0.985 0.986 0.985 0.977 0.979 0.974 0.984 0.974 0.980 0.985 0.977 0.974 0.982 0.977 0.979 0.981 0.968 0.968 0.975 0.981 0.982 0.979 0.976 0.969 0.973 0.976 0.978 0.980 0.978 0.978 0.979 0.974 0.972 0.974 0.968 0.971 0.971 0.967 0.955 0.924 0.920 0.931 0.935 0.944 0.955 0.956 0.956 0.956 0.953 0.951 0.950 0.948 0.944 0.941 0.934 0.926 0.910 0.897 0.879 0.869 0.864 0.850 0.846 0.817 0.817 0.867 0.872 0.927 0.920 0.880 0.862 0.890 0.890 0.906 0.919 0.915 0.934
0.982 0.986 0.984 0.976 0.976 0.980 0.985 0.985 0.984 0.983 0.977 0.979 0.979 0.977 0.982 0.979 0.972 0.974 0.980 0.981 0.982 0.980 0.974 0.972 0.973 0.975 0.975 0.980 0.973 0.973 0.974 0.964 0.961 0.966 0.962 0.970 0.971 0.971 0.962 0.929 0.905 0.940 0.953 0.944 0.954 0.956 0.954 0.955 0.955 0.953 0.951 0.949 0.945 0.942 0.937 0.932 0.927 0.921 0.914 0.906 0.898 0.896 0.873 0.858 0.907 0.918 0.907 0.890 0.881 0.863 0.893 0.899 0.895 0.914 0.930 0.929 0.938
0.984 0.985 0.982 0.979 0.977 0.985 0.986 0.986 0.977 0.965 0.969 0.969 0.976 0.980 0.976 0.972 0.973 0.975 0.979 0.981 0.982 0.981 0.972 0.970 0.971 0.978 0.979 0.980 0.967 0.971 0.974 0.974 0.969 0.970 0.972 0.971 0.968 0.966 0.953 0.947 0.954 0.954 0.953 0.943 0.949 0.955 0.951 0.957 0.956 0.954 0.953 0.951 0.948 0.945 0.941 0.936 0.931 0.923 0.915 0.910 0.906 0.897 0.891 0.870 0.858 0.873 0.873 0.884 0.900 0.886 0.884 0.902 0.911 0.906 0.926 0.923 0.930
0.990 0.983 0.984 0.986 0.983 0.984 0.985 0.984 0.959 0.968 0.963 0.970 0.974 0.976 0.977 0.978 0.975 0.975 0.979 0.981 0.982 0.973 0.980 0.975 0.977 0.976 0.963 0.951 0.951 0.957 0.963 0.956 0.950 0.950 0.953 0.961 0.954 0.951 0.944 0.955 0.959 0.960 0.962 0.948 0.954 0.957 0.956 0.957 0.957 0.956 0.955 0.953 0.950 0.947 0.943 0.938 0.933 0.926 0.922 0.915 0.905 0.887 0.887 0.873 0.876 0.865 0.870 0.848 0.874 0.888 0.903 0.912 0.910 0.924 0.939 0.930 0.937
0.988 0.972 0.982 0.981 0.981 0.981 0.984 0.982 0.980 0.957 0.948 0.957 0.965 0.973 0.972 0.966 0.965 0.967 0.979 0.980 0.975 0.979 0.980 0.969 0.960 0.952 0.948 0.923 0.929 0.938 0.944 0.943 0.936 0.935 0.940 0.948 0.948 0.952 0.958 0.962 0.961 0.963 0.960 0.953 0.957 0.955 0.954 0.958 0.958 0.957 0.956 0.954 0.951 0.949 0.945 0.940 0.935 0.931 0.917 0.907 0.897 0.855 0.867 0.862 0.858 0.851 0.842 0.874 0.891 0.880 0.882 0.887 0.899 0.931 0.930 0.909 0.907
0.986 0.983 0.983 0.985 0.974 0.976 0.985 0.975 0.968 0.969 0.972 0.968 0.966 0.967 0.972 0.976 0.977 0.977 0.979 0.979 0.975 0.981 0.968 0.962 0.958 0.928 0.910 0.925 0.941 0.950 0.951 0.953 0.948 0.951 0.951 0.955 0.957 0.958 0.960 0.961 0.963 0.963 0.960 0.940 0.933 0.955 0.958 0.959 0.958 0.958 0.958 0.954 0.952 0.950 0.947 0.943 0.939 0.932 0.922 0.917 0.918 0.909 0.887 0.867 0.870 0.879 0.885 0.883 0.884 0.877 0.880 0.893 0.906 0.933 0.922 0.912 0.911
0.983 0.981 0.982 0.985 0.966 0.971 0.979 0.969 0.959 0.971 0.978 0.978 0.978 0.977 0.975 0.976 0.972 0.975 0.978 0.979 0.973 0.972 0.952 0.935 0.930 0.928 0.933 0.943 0.944 0.948 0.952 0.955 0.953 0.952 0.952 0.955 0.956 0.961 0.963 0.965 0.965 0.964 0.964 0.953 0.936 0.955 0.957 0.959 0.960 0.959 0.957 0.957 0.955 0.952 0.950 0.945 0.942 0.937 0.931 0.925 0.919 0.923 0.914 0.899 0.876 0.867 0.877 0.884 0.885 0.886 0.894 0.910 0.919 0.945 0.934 0.928 0.923
0.984 0.972 0.985 0.986 0.966 0.979 0.975 0.969 0.967 0.975 0.976 0.980 0.980 0.980 0.982 0.974 0.972 0.977 0.977 0.976 0.959 0.938 0.918 0.928 0.934 0.937 0.942 0.944 0.949 0.951 0.953 0.955 0.955 0.954 0.950 0.955 0.963 0.964 0.964 0.966 0.965 0.965 0.962 0.958 0.950 0.951 0.958 0.958 0.960 0.959 0.958 0.958 0.956 0.954 0.952 0.949 0.945 0.940 0.934 0.920 0.925 0.925 0.924 0.912 0.902 0.878 0.872 0.901 0.894 0.883 0.892 0.910 0.924 0.946 0.932 0.926 0.925
0.988 0.985 0.988 0.991 0.981 0.973 0.967 0.964 0.965 0.970 0.976 0.977 0.978 0.980 0.977 0.968 0.976 0.975 0.963 0.954 0.935 0.909 0.934 0.936 0.935 0.942 0.942 0.943 0.948 0.951 0.953 0.956 0.954 0.949 0.956 0.962 0.965 0.963 0.963 0.964 0.964 0.962 0.961 0.954 0.955 0.954 0.958 0.959 0.959 0.962 0.960 0.960 0.958 0.957 0.954 0.951 0.948 0.944 0.938 0.929 0.921 0.930 0.921 0.916 0.909 0.900 0.878 0.885 0.900 0.901 0.911 0.921 0.925 0.941 0.932 0.927 0.923
0.992 0.987 0.990 0.992 0.982 0.975 0.960 0.957 0.963 0.968 0.966 0.967 0.973 0.975 0.969 0.967 0.959 0.949 0.941 0.946 0.950 0.928 0.935 0.935 0.931 0.936 0.934 0.941 0.946 0.949 0.951 0.953 0.950 0.953 0.960 0.964 0.966 0.953 0.963 0.962 0.964 0.959 0.957 0.949 0.954 0.954 0.958 0.960 0.960 0.962 0.961 0.961 0.960 0.958 0.956 0.953 0.951 0.948 0.943 0.937 0.925 0.917 0.922 0.916 0.915 0.913 0.901 0.889 0.902 0.904 0.920 0.934 0.931 0.932 0.939 0.932 0.932
0.992 0.987 0.989 0.991 0.978 0.975 0.966 0.978 0.964 0.972 0.974 0.969 0.974 0.977 0.966 0.937 0.935 0.936 0.947 0.949 0.944 0.925 0.944 0.950 0.943 0.938 0.936 0.941 0.941 0.937 0.941 0.954 0.947 0.963 0.963 0.963 0.963 0.953 0.960 0.965 0.963 0.942 0.950 0.942 0.948 0.952 0.957 0.961 0.961 0.960 0.963 0.961 0.960 0.960 0.958 0.955 0.953 0.951 0.946 0.941 0.934 0.921 0.919 0.911 0.911 0.920 0.895 0.914 0.915 0.913 0.922 0.935 0.919 0.937 0.948 0.931 0.931
0.993 0.992 0.993 0.989 0.975 0.973 0.981 0.977 0.984 0.981 0.981 0.981 0.982 0.973 0.939 0.935 0.939 0.946 0.942 0.955 0.952 0.936 0.954 0.961 0.947 0.914 0.930 0.932 0.933 0.934 0.943 0.951 0.950 0.962 0.963 0.962 0.962 0.961 0.960 0.961 0.944 0.946 0.954 0.944 0.944 0.953 0.956 0.961 0.962 0.963 0.964 0.963 0.962 0.962 0.960 0.957 0.956 0.953 0.949 0.945 0.939 0.932 0.922 0.905 0.905 0.910 0.902 0.905 0.922 0.917 0.920 0.942 0.944 0.950 0.952 0.934 0.935
0.992 0.993 0.993 0.978 0.962 0.978 0.983 0.982 0.982 0.984 0.987 0.984 0.984 0.963 0.922 0.929 0.927 0.948 0.954 0.964 0.960 0.942 0.950 0.952 0.942 0.896 0.886 0.903 0.925 0.933 0.935 0.944 0.947 0.958 0.959 0.951 0.958 0.951 0.950 0.951 0.932 0.943 0.951 0.930 0.932 0.950 0.957 0.960 0.962 0.963 0.962 0.964 0.964 0.963 0.962 0.960 0.958 0.956 0.952 0.949 0.944 0.938 0.930 0.926 0.918 0.907 0.896 0.908 0.900 0.892 0.927 0.956 0.954 0.954 0.953 0.937 0.941
0.992 0.992 0.990 0.979 0.973 0.982 0.978 0.984 0.985 0.986 0.984 0.984 0.960 0.942 0.933 0.924 0.931 0.967 0.972 0.972 0.973 0.955 0.950 0.932 0.928 0.914 0.895 0.895 0.926 0.932 0.936 0.942 0.942 0.954 0.951 0.951 0.950 0.946 0.942 0.947 0.941 0.931 0.936 0.904 0.923 0.945 0.957 0.959 0.963 0.964 0.964 0.965 0.966 0.964 0.963 0.962 0.960 0.958 0.956 0.953 0.948 0.941 0.932 0.931 0.929 0.923 0.914 0.895 0.884 0.858 0.864 0.951 0.949 0.953 0.945 0.942 0.941
0.991 0.989 0.990 0.991 0.987 0.978 0.980 0.987 0.986 0.987 0.981 0.976 0.975 0.968 0.959 0.963 0.953 0.966 0.974 0.972 0.980 0.977 0.972 0.955 0.943 0.943 0.926 0.903 0.928 0.941 0.957 0.955 0.947 0.948 0.953 0.961 0.962 0.956 0.955 0.964 0.958 0.945 0.924 0.910 0.922 0.944 0.956 0.958 0.963 0.965 0.966 0.965 0.967 0.966 0.965 0.964 0.962 0.961 0.958 0.955 0.951 0.946 0.938 0.923 0.936 0.933 0.923 0.902 0.887 0.840 0.899 0.955 0.941 0.939 0.942 0.947 0.943
0.992 0.990 0.988 0.990 0.970 0.970 0.983 0.984 0.981 0.986 0.984 0.987 0.989 0.986 0.982 0.979 0.980 0.967 0.967 0.957 0.967 0.965 0.978 0.982 0.979 0.976 0.971 0.960 0.956 0.959 0.973 0.971 0.960 0.959 0.968 0.970 0.970 0.960 0.955 0.962 0.964 0.946 0.903 0.898 0.909 0.938 0.953 0.958 0.963 0.965 0.966 0.966 0.966 0.966 0.966 0.965 0.964 0.963 0.960 0.959 0.954 0.949 0.943 0.942 0.941 0.939 0.929 0.910 0.890 0.878 0.951 0.962 0.948 0.928 0.943 0.948 0.945
0.991 0.992 0.992 0.988 0.976 0.977 0.974 0.976 0.989 0.986 0.982 0.986 0.987 0.980 0.977 0.984 0.979 0.975 0.956 0.975 0.985 0.980 0.980 0.986 0.983 0.982 0.978 0.972 0.973 0.969 0.977 0.975 0.967 0.966 0.974 0.971 0.971 0.964 0.960 0.965 0.966 0.945 0.935 0.927 0.925 0.929 0.951 0.959 0.962 0.966 0.966 0.967 0.967 0.967 0.967 0.967 0.966 0.966 0.963 0.961 0.958 0.953 0.947 0.931 0.942 0.925 0.900 0.860 0.909 0.958 0.967 0.961 0.940 0.936 0.939 0.946 0.950
0.993 0.993 0.993 0.991 0.990 0.991 0.991 0.992 0.993 0.993 0.990 0.982 0.979 0.966 0.983 0.985 0.982 0.985 0.978 0.975 0.984 0.983 0.977 0.983 0.983 0.986 0.985 0.985 0.984 0.982 0.985 0.983 0.981 0.981 0.983 0.975 0.977 0.979 0.968 0.954 0.957 0.951 0.939 0.930 0.933 0.936 0.952 0.960 0.963 0.965 0.967 0.968 0.968 0.965 0.970 0.968 0.968 0.967 0.965 0.963 0.960 0.955 0.951 0.939 0.936 0.908 0.932 0.947 0.966 0.967 0.963 0.948 0.938 0.949 0.952 0.950 0.956
0.993 0.993 0.992 0.992 0.992 0.992 0.992 0.993 0.994 0.993 0.990 0.991 0.991 0.986 0.987 0.982 0.981 0.983 0.978 0.976 0.980 0.979 0.975 0.984 0.986 0.985 0.982 0.985 0.983 0.982 0.983 0.979 0.975 0.979 0.977 0.977 0.978 0.978 0.965 0.955 0.958 0.956 0.941 0.938 0.940 0.941 0.950 0.959 0.962 0.965 0.966 0.968 0.968 0.966 0.971 0.970 0.969 0.969 0.968 0.966 0.963 0.959 0.952 0.939 0.903 0.900 0.952 0.971 0.969 0.963 0.947 0.950 0.951 0.958 0.957 0.957 0.959
0.993 0.992 0.993 0.993 0.992 0.992 0.993 0.992 0.992 0.992 0.987 0.990 0.990 0.991 0.987 0.976 0.981 0.987 0.973 0.972 0.969 0.969 0.971 0.978 0.980 0.974 0.970 0.975 0.979 0.980 0.976 0.973 0.969 0.972 0.976 0.976 0.975 0.952 0.945 0.962 0.962 0.957 0.952 0.938 0.940 0.944 0.940 0.958 0.962 0.966 0.968 0.969 0.969 0.969 0.971 0.971 0.970 0.970 0.969 0.968 0.966 0.963 0.955 0.942 0.907 0.908 0.971 0.967 0.960 0.959 0.949 0.957 0.960 0.961 0.962 0.961 0.961
0.993 0.992 0.993 0.993 0.992 0.993 0.992 0.992 0.991 0.984 0.981 0.988 0.989 0.988 0.989 0.987 0.991 0.989 0.965 0.949 0.955 0.972 0.971 0.976 0.978 0.975 0.973 0.972 0.976 0.977 0.978 0.976 0.972 0.973 0.972 0.970 0.963 0.949 0.948 0.952 0.958 0.953 0.955 0.954 0.952 0.950 0.948 0.956 0.961 0.965 0.968 0.969 0.970 0.971 0.969 0.972 0.971 0.971 0.970 0.970 0.969 0.966 0.960 0.946 0.907 0.934 0.972 0.972 0.965 0.959 0.956 0.963 0.963 0.964 0.965 0.964 0.963
0.992 0.992 0.993 0.993 0.993 0.993 0.992 0.992 0.987 0.977 0.983 0.986 0.989 0.987 0.990 0.992 0.979 0.960 0.950 0.959 0.969 0.975 0.969 0.972 0.973 0.974 0.962 0.962 0.972 0.974 0.975 0.975 0.970 0.976 0.973 0.961 0.964 0.958 0.950 0.954 0.949 0.955 0.953 0.953 0.959 0.956 0.946 0.953 0.959 0.964 0.968 0.969 0.970 0.971 0.969 0.972 0.972 0.972 0.972 0.972 0.971 0.969 0.965 0.953 0.900 0.959 0.968 0.960 0.962 0.964 0.965 0.965 0.966 0.965 0.967 0.966 0.966
0.993 0.992 0.993 0.993 0.993 0.993 0.986 0.985 0.985 0.983 0.986 0.987 0.989 0.990 0.990 0.984 0.948 0.955 0.965 0.971 0.972 0.974 0.974 0.971 0.970 0.967 0.957 0.958 0.970 0.973 0.972 0.973 0.967 0.970 0.965 0.965 0.974 0.974 0.964 0.958 0.935 0.923 0.928 0.948 0.953 0.955 0.957 0.958 0.956 0.964 0.968 0.970 0.970 0.972 0.972 0.972 0.973 0.973 0.973 0.973 0.972 0.971 0.969 0.963 0.934 0.961 0.968 0.958 0.965 0.967 0.968 0.968 0.968 0.967 0.968 0.968 0.967
