modules/data/openamundsen/svf_uppereastriver_50.asc
ncols        280
nrows        337
xllcorner    322550.000000000000
yllcorner    4305600.000000000000
cellsize     50.000000000000
[rows 102 to 135 of 337, columns 77 to 153 of 280]
0.953 0.953 0.953 0.953 0.952 0.951 0.945 0.939 0.949 0.946 0.943 0.943 0.922 0.905 0.947 0.943 0.936 0.921 0.932 0.934 0.931 0.917 0.918 0.932 0.909 0.896 0.867 0.833 0.855 0.853 0.860 0.864 0.839 0.880 0.908 0.903 0.899 0.890 0.878 0.876 0.871 0.868 0.869 0.870 0.851 0.841 0.886 0.894 0.839 0.862 0.848 0.836 0.798 0.842 0.895 0.963 0.976 0.998 0.988 0.897 0.815 0.819 0.824 0.891 0.959 0.859 0.807 0.801 0.833 0.837 0.813 0.861 0.874 0.875 0.846 0.895 0.898
0.951 0.951 0.952 0.952 0.945 0.951 0.950 0.952 0.949 0.946 0.945 0.943 0.944 0.926 0.930 0.942 0.942 0.929 0.937 0.939 0.932 0.932 0.909 0.909 0.887 0.911 0.891 0.875 0.869 0.862 0.862 0.849 0.867 0.906 0.907 0.901 0.893 0.881 0.864 0.853 0.852 0.852 0.856 0.859 0.849 0.838 0.844 0.845 0.893 0.907 0.887 0.969 0.994 0.996 0.988 0.977 0.870 0.789 0.878 0.912 0.850 0.859 0.851 0.821 0.750 0.800 0.814 0.825 0.826 0.839 0.832 0.856 0.867 0.895 0.860 0.891 0.886
0.950 0.951 0.952 0.952 0.952 0.951 0.950 0.952 0.950 0.946 0.946 0.943 0.944 0.931 0.941 0.933 0.941 0.928 0.925 0.932 0.927 0.926 0.907 0.906 0.892 0.904 0.895 0.894 0.885 0.875 0.871 0.879 0.860 0.864 0.906 0.900 0.881 0.860 0.844 0.806 0.798 0.832 0.844 0.836 0.832 0.821 0.838 0.840 0.901 0.970 0.965 0.996 0.918 0.919 0.822 0.787 0.794 0.793 0.888 0.927 0.885 0.846 0.869 0.818 0.813 0.815 0.801 0.804 0.798 0.829 0.832 0.831 0.833 0.876 0.862 0.882 0.882
0.950 0.945 0.939 0.951 0.952 0.949 0.948 0.949 0.951 0.947 0.946 0.938 0.942 0.938 0.930 0.931 0.937 0.930 0.926 0.932 0.927 0.928 0.919 0.914 0.906 0.915 0.915 0.908 0.893 0.876 0.855 0.851 0.834 0.811 0.886 0.865 0.841 0.830 0.802 0.779 0.836 0.782 0.808 0.815 0.792 0.771 0.764 0.789 0.883 0.947 0.979 0.989 0.845 0.829 0.732 0.784 0.826 0.828 0.870 0.931 0.950 0.842 0.852 0.831 0.817 0.769 0.790 0.808 0.804 0.816 0.828 0.811 0.835 0.870 0.861 0.883 0.883
0.945 0.951 0.951 0.951 0.951 0.950 0.945 0.948 0.950 0.944 0.945 0.946 0.949 0.943 0.941 0.927 0.914 0.919 0.904 0.927 0.929 0.934 0.928 0.920 0.897 0.908 0.903 0.906 0.887 0.874 0.849 0.836 0.825 0.780 0.866 0.826 0.848 0.855 0.850 0.888 0.861 0.868 0.807 0.779 0.744 0.862 0.792 0.824 0.862 0.987 0.999 0.926 0.777 0.773 0.784 0.802 0.838 0.837 0.849 0.861 0.960 0.963 0.884 0.830 0.822 0.825 0.768 0.790 0.802 0.816 0.825 0.827 0.822 0.834 0.865 0.888 0.902
0.949 0.949 0.948 0.950 0.949 0.950 0.949 0.950 0.952 0.950 0.949 0.950 0.948 0.946 0.944 0.943 0.944 0.939 0.924 0.942 0.941 0.937 0.930 0.919 0.888 0.919 0.919 0.918 0.903 0.865 0.863 0.866 0.865 0.843 0.904 0.883 0.890 0.903 0.918 0.921 0.907 0.903 0.907 0.924 0.894 0.889 0.924 0.950 0.999 0.981 0.917 0.865 0.818 0.807 0.818 0.826 0.843 0.848 0.844 0.839 0.947 0.973 0.883 0.808 0.821 0.801 0.780 0.795 0.807 0.818 0.829 0.835 0.841 0.857 0.842 0.821 0.893
0.948 0.949 0.947 0.949 0.951 0.952 0.950 0.951 0.951 0.950 0.950 0.949 0.949 0.947 0.940 0.941 0.945 0.940 0.914 0.945 0.944 0.940 0.935 0.920 0.901 0.911 0.917 0.920 0.900 0.884 0.863 0.872 0.846 0.888 0.910 0.914 0.956 0.948 0.957 0.949 0.964 0.962 0.954 0.948 0.944 0.940 0.992 0.999 0.918 0.883 0.918 0.874 0.860 0.854 0.842 0.856 0.865 0.868 0.856 0.860 0.928 0.976 0.934 0.796 0.806 0.815 0.782 0.801 0.813 0.821 0.830 0.842 0.846 0.851 0.814 0.831 0.807
0.945 0.949 0.948 0.945 0.950 0.951 0.943 0.948 0.946 0.949 0.946 0.947 0.950 0.944 0.947 0.946 0.943 0.936 0.925 0.929 0.942 0.940 0.931 0.907 0.875 0.880 0.915 0.917 0.880 0.909 0.908 0.927 0.933 0.965 0.957 0.945 0.945 0.902 0.870 0.862 0.879 0.843 0.873 0.872 0.886 0.912 0.995 0.947 0.868 0.854 0.893 0.844 0.826 0.830 0.848 0.882 0.894 0.874 0.868 0.866 0.890 0.976 0.976 0.800 0.782 0.797 0.781 0.800 0.811 0.823 0.829 0.839 0.853 0.858 0.856 0.837 0.836
0.947 0.948 0.948 0.947 0.950 0.950 0.939 0.945 0.941 0.950 0.950 0.951 0.950 0.947 0.948 0.938 0.943 0.940 0.937 0.930 0.934 0.937 0.922 0.912 0.892 0.876 0.914 0.899 0.893 0.895 0.926 0.934 0.925 0.880 0.868 0.862 0.881 0.837 0.835 0.867 0.834 0.847 0.860 0.881 0.894 0.915 0.977 0.870 0.852 0.865 0.888 0.859 0.861 0.862 0.866 0.874 0.895 0.876 0.887 0.877 0.875 0.960 0.983 0.894 0.787 0.782 0.784 0.801 0.805 0.828 0.846 0.847 0.860 0.870 0.871 0.872 0.854
0.945 0.946 0.947 0.946 0.944 0.946 0.945 0.945 0.930 0.946 0.948 0.946 0.946 0.943 0.944 0.929 0.947 0.935 0.937 0.931 0.933 0.933 0.915 0.906 0.889 0.875 0.893 0.876 0.863 0.867 0.924 0.916 0.905 0.862 0.868 0.880 0.864 0.853 0.849 0.858 0.846 0.850 0.854 0.843 0.848 0.927 0.962 0.850 0.860 0.871 0.888 0.884 0.888 0.891 0.877 0.878 0.892 0.884 0.871 0.881 0.841 0.924 0.988 0.932 0.800 0.797 0.798 0.802 0.795 0.820 0.834 0.849 0.851 0.870 0.879 0.878 0.876
0.944 0.943 0.942 0.944 0.945 0.947 0.948 0.947 0.935 0.943 0.946 0.932 0.948 0.938 0.941 0.942 0.947 0.937 0.938 0.923 0.933 0.930 0.925 0.910 0.894 0.885 0.887 0.880 0.859 0.862 0.906 0.895 0.880 0.854 0.850 0.877 0.852 0.855 0.864 0.832 0.834 0.847 0.859 0.866 0.881 0.968 0.946 0.838 0.841 0.872 0.873 0.878 0.900 0.916 0.901 0.888 0.897 0.897 0.875 0.869 0.854 0.918 0.987 0.953 0.900 0.846 0.841 0.825 0.808 0.822 0.837 0.845 0.854 0.875 0.885 0.886 0.882
0.943 0.943 0.942 0.944 0.947 0.948 0.949 0.948 0.946 0.945 0.943 0.944 0.947 0.946 0.942 0.946 0.941 0.940 0.939 0.935 0.925 0.924 0.926 0.919 0.912 0.903 0.895 0.892 0.876 0.879 0.909 0.873 0.854 0.855 0.862 0.856 0.833 0.851 0.815 0.859 0.858 0.849 0.843 0.855 0.892 0.979 0.894 0.852 0.869 0.858 0.874 0.872 0.905 0.922 0.911 0.890 0.894 0.905 0.900 0.873 0.882 0.903 0.984 0.993 0.932 0.850 0.862 0.825 0.797 0.819 0.838 0.854 0.870 0.888 0.892 0.891 0.891
0.941 0.943 0.942 0.935 0.946 0.946 0.947 0.948 0.945 0.946 0.948 0.948 0.947 0.946 0.942 0.944 0.945 0.941 0.938 0.930 0.923 0.923 0.927 0.915 0.899 0.900 0.897 0.893 0.885 0.866 0.886 0.873 0.863 0.869 0.857 0.838 0.834 0.846 0.837 0.838 0.849 0.837 0.855 0.885 0.942 0.968 0.880 0.874 0.881 0.857 0.887 0.878 0.896 0.908 0.905 0.894 0.879 0.894 0.895 0.868 0.871 0.908 0.993 0.982 0.981 0.960 0.913 0.839 0.838 0.794 0.822 0.851 0.878 0.885 0.881 0.882 0.885
0.941 0.942 0.941 0.941 0.940 0.943 0.946 0.946 0.946 0.944 0.947 0.947 0.945 0.946 0.945 0.940 0.944 0.938 0.919 0.903 0.926 0.922 0.916 0.911 0.887 0.857 0.893 0.899 0.898 0.864 0.872 0.870 0.853 0.850 0.852 0.794 0.836 0.847 0.849 0.852 0.867 0.871 0.879 0.889 0.963 0.958 0.874 0.850 0.827 0.866 0.883 0.876 0.889 0.903 0.902 0.901 0.899 0.883 0.881 0.862 0.888 0.982 0.943 0.905 0.942 0.899 0.941 0.883 0.918 0.873 0.835 0.849 0.885 0.879 0.887 0.885 0.888
0.939 0.940 0.940 0.941 0.937 0.933 0.942 0.944 0.947 0.945 0.947 0.945 0.943 0.946 0.945 0.933 0.917 0.927 0.915 0.923 0.929 0.922 0.912 0.903 0.886 0.859 0.879 0.902 0.903 0.881 0.852 0.855 0.836 0.842 0.782 0.837 0.845 0.820 0.796 0.825 0.827 0.836 0.871 0.859 0.975 0.948 0.857 0.844 0.857 0.873 0.885 0.880 0.898 0.902 0.889 0.912 0.900 0.868 0.854 0.842 0.929 0.986 0.903 0.847 0.922 0.795 0.885 0.864 0.843 0.880 0.880 0.866 0.906 0.906 0.904 0.880 0.857
0.937 0.939 0.940 0.941 0.938 0.929 0.938 0.943 0.941 0.939 0.945 0.943 0.939 0.943 0.944 0.940 0.908 0.925 0.928 0.924 0.931 0.920 0.914 0.904 0.886 0.877 0.865 0.866 0.896 0.836 0.788 0.812 0.761 0.757 0.822 0.839 0.837 0.850 0.838 0.823 0.797 0.796 0.834 0.905 0.986 0.909 0.831 0.850 0.854 0.881 0.888 0.880 0.886 0.896 0.875 0.906 0.889 0.839 0.854 0.856 0.942 0.971 0.826 0.820 0.833 0.788 0.889 0.919 0.869 0.839 0.832 0.841 0.890 0.865 0.860 0.852 0.803
0.934 0.937 0.938 0.938 0.938 0.936 0.931 0.944 0.945 0.944 0.944 0.943 0.944 0.945 0.943 0.932 0.933 0.941 0.935 0.936 0.933 0.927 0.923 0.910 0.900 0.874 0.801 0.729 0.894 0.879 0.860 0.838 0.824 0.863 0.845 0.838 0.853 0.870 0.871 0.887 0.925 0.944 0.931 0.983 0.974 0.886 0.838 0.832 0.848 0.885 0.887 0.885 0.880 0.896 0.894 0.892 0.868 0.841 0.840 0.892 0.994 0.956 0.864 0.820 0.795 0.805 0.844 0.867 0.899 0.889 0.878 0.863 0.870 0.858 0.871 0.856 0.831
0.933 0.935 0.937 0.937 0.937 0.938 0.919 0.945 0.945 0.944 0.942 0.942 0.942 0.945 0.944 0.936 0.937 0.940 0.932 0.929 0.932 0.928 0.920 0.915 0.912 0.907 0.895 0.906 0.911 0.901 0.892 0.909 0.902 0.870 0.871 0.881 0.885 0.892 0.922 0.925 0.921 0.923 0.929 0.984 0.943 0.879 0.849 0.834 0.842 0.886 0.883 0.886 0.878 0.893 0.889 0.877 0.858 0.836 0.918 0.985 0.967 0.850 0.867 0.850 0.793 0.809 0.816 0.839 0.874 0.917 0.909 0.884 0.883 0.875 0.876 0.855 0.828
0.930 0.933 0.934 0.936 0.936 0.938 0.927 0.932 0.944 0.945 0.941 0.941 0.931 0.928 0.923 0.932 0.925 0.896 0.914 0.909 0.911 0.921 0.915 0.920 0.908 0.871 0.858 0.888 0.899 0.906 0.860 0.881 0.893 0.918 0.932 0.938 0.918 0.942 0.933 0.884 0.885 0.900 0.947 0.982 0.916 0.888 0.837 0.806 0.836 0.871 0.882 0.890 0.893 0.883 0.868 0.846 0.834 0.843 0.942 0.994 0.928 0.836 0.852 0.887 0.807 0.804 0.820 0.836 0.862 0.883 0.880 0.906 0.906 0.905 0.876 0.840 0.814
0.927 0.930 0.932 0.934 0.935 0.936 0.937 0.930 0.932 0.940 0.939 0.940 0.939 0.937 0.938 0.940 0.939 0.940 0.937 0.934 0.937 0.931 0.926 0.923 0.916 0.898 0.859 0.881 0.887 0.909 0.879 0.878 0.874 0.887 0.880 0.878 0.906 0.932 0.865 0.891 0.906 0.912 0.969 0.978 0.913 0.875 0.771 0.820 0.853 0.864 0.876 0.899 0.894 0.875 0.854 0.838 0.870 0.936 0.987 0.979 0.825 0.864 0.880 0.842 0.869 0.816 0.813 0.831 0.841 0.856 0.865 0.876 0.890 0.918 0.891 0.835 0.832
0.925 0.928 0.931 0.932 0.935 0.937 0.936 0.935 0.934 0.934 0.939 0.939 0.939 0.938 0.933 0.918 0.911 0.938 0.937 0.930 0.926 0.922 0.925 0.925 0.916 0.905 0.884 0.893 0.888 0.896 0.898 0.875 0.867 0.841 0.879 0.899 0.929 0.878 0.860 0.871 0.896 0.909 0.978 0.946 0.919 0.845 0.815 0.845 0.869 0.873 0.868 0.883 0.878 0.857 0.840 0.822 0.867 0.972 0.991 0.868 0.858 0.825 0.882 0.877 0.817 0.758 0.799 0.812 0.837 0.844 0.862 0.883 0.870 0.879 0.824 0.813 0.833
0.922 0.925 0.928 0.931 0.932 0.935 0.935 0.935 0.935 0.937 0.937 0.938 0.936 0.933 0.924 0.921 0.882 0.923 0.936 0.932 0.929 0.924 0.914 0.907 0.899 0.895 0.897 0.893 0.878 0.865 0.883 0.862 0.848 0.869 0.872 0.886 0.899 0.838 0.869 0.885 0.904 0.893 0.974 0.927 0.882 0.880 0.847 0.860 0.877 0.877 0.860 0.860 0.847 0.829 0.809 0.806 0.886 0.985 0.948 0.830 0.816 0.853 0.848 0.890 0.904 0.818 0.777 0.787 0.800 0.827 0.861 0.875 0.867 0.873 0.850 0.812 0.805
0.918 0.923 0.926 0.930 0.930 0.934 0.934 0.936 0.936 0.937 0.938 0.937 0.936 0.933 0.911 0.936 0.932 0.941 0.940 0.938 0.932 0.928 0.924 0.914 0.903 0.886 0.903 0.898 0.883 0.864 0.882 0.881 0.867 0.860 0.860 0.872 0.850 0.886 0.883 0.872 0.873 0.864 0.950 0.911 0.859 0.847 0.873 0.881 0.886 0.888 0.870 0.855 0.838 0.829 0.822 0.883 0.935 0.994 0.883 0.863 0.834 0.838 0.850 0.863 0.918 0.914 0.869 0.807 0.801 0.804 0.838 0.857 0.880 0.865 0.837 0.776 0.789
0.914 0.920 0.924 0.927 0.930 0.932 0.932 0.934 0.935 0.937 0.936 0.935 0.935 0.922 0.897 0.939 0.939 0.932 0.939 0.938 0.935 0.930 0.925 0.916 0.909 0.905 0.899 0.891 0.887 0.865 0.887 0.880 0.864 0.877 0.843 0.835 0.831 0.869 0.895 0.866 0.852 0.854 0.953 0.912 0.854 0.875 0.893 0.892 0.906 0.894 0.865 0.826 0.817 0.812 0.864 0.900 0.984 0.975 0.889 0.845 0.831 0.822 0.817 0.820 0.889 0.872 0.912 0.898 0.829 0.840 0.790 0.837 0.866 0.814 0.812 0.754 0.799
0.903 0.917 0.920 0.924 0.927 0.931 0.932 0.933 0.935 0.936 0.935 0.935 0.930 0.915 0.916 0.911 0.939 0.930 0.939 0.939 0.935 0.930 0.926 0.918 0.913 0.903 0.903 0.896 0.897 0.882 0.887 0.867 0.900 0.891 0.880 0.893 0.898 0.901 0.887 0.847 0.736 0.793 0.956 0.893 0.854 0.876 0.835 0.891 0.905 0.902 0.872 0.831 0.877 0.898 0.916 0.940 0.994 0.869 0.819 0.877 0.886 0.851 0.818 0.824 0.881 0.825 0.873 0.911 0.811 0.796 0.830 0.825 0.876 0.826 0.757 0.779 0.820
0.908 0.912 0.917 0.922 0.925 0.928 0.931 0.932 0.932 0.933 0.934 0.932 0.927 0.900 0.882 0.938 0.932 0.924 0.939 0.938 0.936 0.932 0.929 0.922 0.915 0.911 0.896 0.874 0.870 0.858 0.877 0.893 0.910 0.892 0.866 0.851 0.830 0.842 0.842 0.796 0.957 0.982 0.890 0.868 0.855 0.876 0.864 0.887 0.902 0.895 0.836 0.821 0.907 0.906 0.918 0.965 0.992 0.764 0.756 0.810 0.882 0.880 0.869 0.770 0.821 0.809 0.827 0.861 0.766 0.798 0.799 0.802 0.727 0.785 0.772 0.815 0.825
0.895 0.909 0.913 0.919 0.923 0.926 0.928 0.930 0.930 0.931 0.930 0.929 0.921 0.876 0.830 0.928 0.935 0.936 0.941 0.941 0.939 0.934 0.929 0.923 0.921 0.915 0.899 0.914 0.905 0.861 0.884 0.870 0.859 0.879 0.868 0.838 0.874 0.900 0.901 0.898 0.900 0.902 0.836 0.855 0.850 0.876 0.869 0.869 0.873 0.860 0.800 0.840 0.878 0.883 0.901 0.972 0.949 0.707 0.788 0.800 0.860 0.839 0.865 0.815 0.784 0.800 0.818 0.862 0.783 0.805 0.803 0.803 0.788 0.785 0.807 0.824 0.836
0.899 0.906 0.910 0.916 0.920 0.924 0.926 0.928 0.929 0.930 0.932 0.927 0.921 0.893 0.870 0.937 0.942 0.940 0.944 0.943 0.940 0.936 0.932 0.929 0.924 0.919 0.912 0.903 0.901 0.912 0.918 0.915 0.909 0.909 0.897 0.900 0.895 0.903 0.902 0.863 0.934 0.859 0.846 0.869 0.865 0.882 0.879 0.876 0.865 0.843 0.838 0.892 0.900 0.903 0.921 0.989 0.970 0.715 0.777 0.810 0.824 0.838 0.841 0.865 0.868 0.775 0.833 0.857 0.816 0.805 0.827 0.827 0.830 0.837 0.843 0.847 0.850
0.892 0.899 0.904 0.912 0.917 0.922 0.924 0.927 0.928 0.928 0.930 0.925 0.917 0.895 0.867 0.941 0.944 0.943 0.945 0.943 0.941 0.937 0.932 0.929 0.928 0.922 0.911 0.909 0.904 0.905 0.907 0.912 0.909 0.889 0.869 0.882 0.890 0.879 0.877 0.909 0.933 0.836 0.852 0.862 0.866 0.885 0.882 0.882 0.863 0.836 0.868 0.888 0.892 0.900 0.937 0.994 0.695 0.749 0.773 0.786 0.772 0.845 0.838 0.856 0.865 0.813 0.824 0.802 0.789 0.801 0.827 0.838 0.833 0.840 0.846 0.851 0.850
0.912 0.899 0.902 0.909 0.915 0.920 0.923 0.925 0.926 0.927 0.928 0.925 0.910 0.879 0.814 0.932 0.943 0.938 0.943 0.942 0.940 0.938 0.934 0.929 0.926 0.923 0.914 0.910 0.910 0.903 0.900 0.894 0.896 0.889 0.893 0.876 0.900 0.900 0.895 0.923 0.865 0.856 0.876 0.870 0.857 0.877 0.870 0.865 0.844 0.844 0.846 0.843 0.880 0.923 0.973 0.994 0.863 0.752 0.762 0.751 0.757 0.827 0.830 0.827 0.859 0.843 0.828 0.730 0.809 0.799 0.806 0.836 0.833 0.839 0.847 0.849 0.847
0.913 0.910 0.895 0.905 0.913 0.918 0.919 0.921 0.923 0.925 0.927 0.926 0.917 0.895 0.849 0.935 0.940 0.940 0.944 0.943 0.941 0.939 0.936 0.931 0.926 0.920 0.907 0.911 0.882 0.855 0.861 0.851 0.886 0.899 0.886 0.903 0.930 0.921 0.905 0.900 0.873 0.902 0.900 0.862 0.864 0.871 0.873 0.859 0.863 0.863 0.849 0.859 0.928 0.972 0.951 0.945 0.910 0.855 0.799 0.800 0.787 0.775 0.830 0.826 0.851 0.818 0.819 0.728 0.813 0.825 0.814 0.830 0.837 0.841 0.847 0.848 0.847
0.914 0.911 0.873 0.901 0.910 0.914 0.917 0.918 0.919 0.926 0.925 0.925 0.918 0.905 0.870 0.917 0.931 0.943 0.945 0.943 0.943 0.939 0.936 0.932 0.926 0.921 0.912 0.908 0.896 0.876 0.873 0.884 0.906 0.905 0.887 0.866 0.925 0.927 0.894 0.921 0.923 0.907 0.878 0.869 0.865 0.866 0.862 0.864 0.867 0.854 0.849 0.887 0.968 0.974 0.875 0.922 0.860 0.898 0.833 0.877 0.867 0.777 0.712 0.805 0.854 0.835 0.786 0.782 0.817 0.823 0.825 0.831 0.835 0.842 0.846 0.847 0.847
0.907 0.915 0.862 0.877 0.908 0.912 0.918 0.923 0.926 0.927 0.925 0.925 0.921 0.910 0.851 0.911 0.939 0.942 0.944 0.945 0.942 0.938 0.934 0.932 0.925 0.919 0.909 0.902 0.892 0.889 0.899 0.902 0.890 0.885 0.900 0.890 0.930 0.920 0.893 0.916 0.925 0.909 0.898 0.888 0.864 0.854 0.839 0.832 0.830 0.830 0.849 0.953 0.977 0.910 0.859 0.906 0.940 0.743 0.786 0.821 0.767 0.749 0.704 0.802 0.847 0.731 0.782 0.813 0.831 0.835 0.830 0.832 0.840 0.843 0.846 0.848 0.845
0.898 0.910 0.889 0.893 0.904 0.914 0.918 0.919 0.912 0.915 0.922 0.924 0.923 0.910 0.849 0.929 0.939 0.940 0.939 0.943 0.943 0.939 0.937 0.936 0.932 0.926 0.902 0.873 0.877 0.837 0.867 0.871 0.884 0.871 0.923 0.916 0.908 0.896 0.889 0.912 0.916 0.876 0.911 0.891 0.859 0.848 0.831 0.834 0.831 0.834 0.955 0.987 0.914 0.880 0.842 0.890 0.914 0.780 0.791 0.800 0.655 0.754 0.769 0.793 0.816 0.762 0.801 0.820 0.836 0.844 0.843 0.842 0.842 0.846 0.849 0.849 0.843
